4 153.87 152.73 153.30 -1.14 1 0 18289.55
12 156.13 155.00 155.57 -1.13 1 0 1119.80
2 152.73 153.87 153.30 1.14 1 0 1516.62
10 155.00 158.40 156.70 3.40 1 0 795.32
11 156.13 152.73 154.43 -3.40 1 0 949.83
1 151.60 155.00 153.30 3.40 1 0 1107.40
3 152.73 156.13 154.43 3.40 1 0 605.53
14 157.27 153.87 155.57 -3.40 1 0 787.27
5 153.87 155.00 154.44 1.13 1 0 505.63
9 155.00 156.13 155.57 1.13 1 0 574.83
6 153.87 157.27 155.57 3.40 1 0 618.91
7 155.00 151.60 153.30 -3.40 1 0 959.25
16 158.40 155.00 156.70 -3.40 1 0 617.51
13 156.13 157.27 156.70 1.14 1 0 548.64
15 157.27 156.13 156.70 -1.14 1 0 608.29
8 155.00 153.87 154.44 -1.13 1 0 571.60
3 152.73 156.13 154.43 3.40 1 0 538.86
15 157.27 156.13 156.70 -1.14 1 0 560.70
14 157.27 153.87 155.57 -3.40 1 0 522.60
8 155.00 153.87 154.44 -1.13 1 0 574.77
6 153.87 157.27 155.57 3.40 1 0 757.75
7 155.00 151.60 153.30 -3.40 1 0 1119.46
13 156.13 157.27 156.70 1.14 1 0 2385.81
2 152.73 153.87 153.30 1.14 1 0 1018.06
1 151.60 155.00 153.30 3.40 1 0 520.05
5 153.87 155.00 154.44 1.13 1 0 580.72
9 155.00 156.13 155.57 1.13 1 0 575.46
12 156.13 155.00 155.57 -1.13 1 0 946.78
16 158.40 155.00 156.70 -3.40 1 0 584.24
4 153.87 152.73 153.30 -1.14 1 0 773.81
10 155.00 158.40 156.70 3.40 1 0 933.80
11 156.13 152.73 154.43 -3.40 0 1 4402.20
3 152.73 156.13 154.43 3.40 0 1 986.12
2 152.73 153.87 153.30 1.14 0 1 889.87
11 156.13 152.73 154.43 -3.40 1 0 3540.22
1 151.60 155.00 153.30 3.40 0 1 1424.47
16 158.40 155.00 156.70 -3.40 1 0 1283.99
9 155.00 156.13 155.57 1.13 0 1 1376.11
7 155.00 151.60 153.30 -3.40 0 1 621.96
12 156.13 155.00 155.57 -1.13 1 0 2890.54
15 157.27 156.13 156.70 -1.14 1 0 1210.18
10 155.00 158.40 156.70 3.40 1 0 3620.16
13 156.13 157.27 156.70 1.14 1 0 1366.03
14 157.27 153.87 155.57 -3.40 1 0 1034.53
4 153.87 152.73 153.30 -1.14 0 1 885.12
5 153.87 155.00 154.44 1.13 0 1 754.01
8 155.00 153.87 154.44 -1.13 0 1 793.96
6 153.87 157.27 155.57 3.40 0 1 800.03
14 157.27 153.87 155.57 -3.40 1 0 996.79
10 155.00 158.40 156.70 3.40 0 1 551.17
5 153.87 155.00 154.44 1.13 0 1 543.17
2 152.73 153.87 153.30 1.14 0 1 506.94
6 153.87 157.27 155.57 3.40 0 1 497.19
3 152.73 156.13 154.43 3.40 0 1 636.27
9 155.00 156.13 155.57 1.13 0 1 761.73
11 156.13 152.73 154.43 -3.40 0 1 713.94
13 156.13 157.27 156.70 1.14 0 1 449.45
4 153.87 152.73 153.30 -1.14 0 1 825.38
8 155.00 153.87 154.44 -1.13 0 1 578.41
15 157.27 156.13 156.70 -1.14 1 0 1222.92
7 155.00 151.60 153.30 -3.40 0 1 618.64
12 156.13 155.00 155.57 -1.13 0 1 504.83
1 151.60 155.00 153.30 3.40 0 1 583.92
16 158.40 155.00 156.70 -3.40 1 0 748.78
15 157.27 156.13 156.70 -1.14 1 0 686.12
6 153.87 157.27 155.57 3.40 0 1 711.27
4 153.87 152.73 153.30 -1.14 0 1 506.19
5 153.87 155.00 154.44 1.13 0 1 460.57
9 155.00 156.13 155.57 1.13 0 1 449.28
2 152.73 153.87 153.30 1.14 0 1 480.03
7 155.00 151.60 153.30 -3.40 0 1 486.43
10 155.00 158.40 156.70 3.40 0 1 490.82
14 157.27 153.87 155.57 -3.40 1 0 974.72
16 158.40 155.00 156.70 -3.40 1 0 653.32
8 155.00 153.87 154.44 -1.13 1 0 1337.28
13 156.13 157.27 156.70 1.14 0 1 1252.66
12 156.13 155.00 155.57 -1.13 1 0 1797.35
3 152.73 156.13 154.43 3.40 0 1 683.13
11 156.13 152.73 154.43 -3.40 1 0 795.65
1 151.60 155.00 153.30 3.40 0 1 3254.72
10 155.00 158.40 156.70 3.40 1 0 851.70
14 157.27 153.87 155.57 -3.40 1 0 675.50
9 155.00 156.13 155.57 1.13 1 0 1108.03
4 153.87 152.73 153.30 -1.14 0 1 1314.59
5 153.87 155.00 154.44 1.13 1 0 5159.56
1 151.60 155.00 153.30 3.40 1 0 517.10
12 156.13 155.00 155.57 -1.13 0 1 1124.30
15 157.27 156.13 156.70 -1.14 0 1 675.42
8 155.00 153.87 154.44 -1.13 0 1 853.20
3 152.73 156.13 154.43 3.40 1 0 888.43
7 155.00 151.60 153.30 -3.40 0 1 607.35
13 156.13 157.27 156.70 1.14 1 0 3134.41
2 152.73 153.87 153.30 1.14 0 1 1174.83
6 153.87 157.27 155.57 3.40 1 0 5989.53
11 156.13 152.73 154.43 -3.40 1 0 627.07
16 158.40 155.00 156.70 -3.40 1 0 921.55
5 153.87 155.00 154.44 1.13 0 1 1070.07
6 153.87 157.27 155.57 3.40 0 1 1932.91
2 152.73 153.87 153.30 1.14 0 1 1347.41
9 155.00 156.13 155.57 1.13 1 0 2642.05
7 155.00 151.60 153.30 -3.40 1 0 1442.40
15 157.27 156.13 156.70 -1.14 1 0 1385.73
3 152.73 156.13 154.43 3.40 0 1 1128.35
10 155.00 158.40 156.70 3.40 1 0 2818.42
12 156.13 155.00 155.57 -1.13 1 0 946.30
8 155.00 153.87 154.44 -1.13 1 0 1346.77
14 157.27 153.87 155.57 -3.40 1 0 548.56
4 153.87 152.73 153.30 -1.14 1 0 1170.28
11 156.13 152.73 154.43 -3.40 1 0 561.57
1 151.60 155.00 153.30 3.40 1 0 1154.36
13 156.13 157.27 156.70 1.14 1 0 579.88
16 158.40 155.00 156.70 -3.40 1 0 556.71
11 156.13 152.73 154.43 -3.40 1 0 872.11
9 155.00 156.13 155.57 1.13 1 0 475.48
4 153.87 152.73 153.30 -1.14 1 0 563.14
12 156.13 155.00 155.57 -1.13 1 0 552.38
14 157.27 153.87 155.57 -3.40 1 0 508.98
10 155.00 158.40 156.70 3.40 1 0 974.06
15 157.27 156.13 156.70 -1.14 1 0 1979.58
7 155.00 151.60 153.30 -3.40 1 0 477.51
5 153.87 155.00 154.44 1.13 1 0 601.58
2 152.73 153.87 153.30 1.14 1 0 452.99
16 158.40 155.00 156.70 -3.40 1 0 765.52
6 153.87 157.27 155.57 3.40 1 0 1462.55
1 151.60 155.00 153.30 3.40 1 0 1538.11
13 156.13 157.27 156.70 1.14 1 0 1101.32
3 152.73 156.13 154.43 3.40 1 0 1898.98
8 155.00 153.87 154.44 -1.13 1 0 621.29
4 153.87 152.73 153.30 -1.14 1 0 968.20
14 157.27 153.87 155.57 -3.40 1 0 688.74
10 155.00 158.40 156.70 3.40 1 0 1181.48
1 151.60 155.00 153.30 3.40 0 1 1024.68
8 155.00 153.87 154.44 -1.13 1 0 758.90
2 152.73 153.87 153.30 1.14 1 0 5154.81
3 152.73 156.13 154.43 3.40 1 0 1748.43
16 158.40 155.00 156.70 -3.40 1 0 580.68
6 153.87 157.27 155.57 3.40 0 1 1143.30
9 155.00 156.13 155.57 1.13 1 0 1033.07
5 153.87 155.00 154.44 1.13 1 0 1271.28
15 157.27 156.13 156.70 -1.14 1 0 722.54
13 156.13 157.27 156.70 1.14 1 0 777.77
11 156.13 152.73 154.43 -3.40 1 0 571.92
7 155.00 151.60 153.30 -3.40 1 0 498.54
12 156.13 155.00 155.57 -1.13 1 0 504.97
9 155.00 156.13 155.57 1.13 1 0 497.58
16 158.40 155.00 156.70 -3.40 1 0 403.87
4 153.87 152.73 153.30 -1.14 1 0 843.29
14 157.27 153.87 155.57 -3.40 1 0 488.39
6 153.87 157.27 155.57 3.40 1 0 696.61
8 155.00 153.87 154.44 -1.13 1 0 441.26
2 152.73 153.87 153.30 1.14 1 0 445.00
13 156.13 157.27 156.70 1.14 1 0 548.14
7 155.00 151.60 153.30 -3.40 1 0 836.33
5 153.87 155.00 154.44 1.13 1 0 802.49
12 156.13 155.00 155.57 -1.13 1 0 528.55
11 156.13 152.73 154.43 -3.40 1 0 498.61
10 155.00 158.40 156.70 3.40 1 0 448.95
1 151.60 155.00 153.30 3.40 0 1 2003.79
15 157.27 156.13 156.70 -1.14 1 0 704.42
3 152.73 156.13 154.43 3.40 0 1 2327.95
13 156.13 157.27 156.70 1.14 0 1 835.72
15 157.27 156.13 156.70 -1.14 0 1 544.26
12 156.13 155.00 155.57 -1.13 1 0 3061.22
7 155.00 151.60 153.30 -3.40 1 0 562.99
9 155.00 156.13 155.57 1.13 1 0 1099.87
10 155.00 158.40 156.70 3.40 1 0 536.76
6 153.87 157.27 155.57 3.40 1 0 479.79
3 152.73 156.13 154.43 3.40 0 1 808.60
1 151.60 155.00 153.30 3.40 1 0 1565.78
11 156.13 152.73 154.43 -3.40 1 0 605.05
2 152.73 153.87 153.30 1.14 0 1 1499.90
4 153.87 152.73 153.30 -1.14 1 0 811.89
14 157.27 153.87 155.57 -3.40 1 0 586.85
16 158.40 155.00 156.70 -3.40 1 0 537.36
5 153.87 155.00 154.44 1.13 1 0 879.78
8 155.00 153.87 154.44 -1.13 1 0 456.54
10 155.00 158.40 156.70 3.40 1 0 508.02
6 153.87 157.27 155.57 3.40 1 0 599.81
16 158.40 155.00 156.70 -3.40 1 0 536.17
15 157.27 156.13 156.70 -1.14 1 0 490.28
11 156.13 152.73 154.43 -3.40 1 0 486.43
12 156.13 155.00 155.57 -1.13 1 0 829.81
9 155.00 156.13 155.57 1.13 1 0 705.04
5 153.87 155.00 154.44 1.13 1 0 437.80
13 156.13 157.27 156.70 1.14 1 0 484.95
2 152.73 153.87 153.30 1.14 1 0 337.31
4 153.87 152.73 153.30 -1.14 1 0 556.29
14 157.27 153.87 155.57 -3.40 1 0 503.66
1 151.60 155.00 153.30 3.40 0 1 840.82
8 155.00 153.87 154.44 -1.13 1 0 1040.78
7 155.00 151.60 153.30 -3.40 1 0 862.66
3 152.73 156.13 154.43 3.40 0 1 795.90
3 152.73 156.13 154.43 3.40 1 0 781.98
11 156.13 152.73 154.43 -3.40 1 0 1958.61
7 155.00 151.60 153.30 -3.40 1 0 953.89
13 156.13 157.27 156.70 1.14 1 0 582.40
12 156.13 155.00 155.57 -1.13 1 0 557.99
5 153.87 155.00 154.44 1.13 0 1 1157.49
14 157.27 153.87 155.57 -3.40 1 0 657.10
4 153.87 152.73 153.30 -1.14 0 1 742.26
8 155.00 153.87 154.44 -1.13 1 0 714.48
2 152.73 153.87 153.30 1.14 0 1 1151.74
10 155.00 158.40 156.70 3.40 1 0 1212.22
16 158.40 155.00 156.70 -3.40 1 0 632.07
15 157.27 156.13 156.70 -1.14 1 0 495.15
6 153.87 157.27 155.57 3.40 1 0 2021.50
9 155.00 156.13 155.57 1.13 1 0 767.33
1 151.60 155.00 153.30 3.40 1 0 736.24
10 155.00 158.40 156.70 3.40 1 0 674.50
13 156.13 157.27 156.70 1.14 1 0 555.88
11 156.13 152.73 154.43 -3.40 1 0 612.42
9 155.00 156.13 155.57 1.13 1 0 574.56
15 157.27 156.13 156.70 -1.14 1 0 503.46
6 153.87 157.27 155.57 3.40 1 0 503.72
5 153.87 155.00 154.44 1.13 1 0 479.58
1 151.60 155.00 153.30 3.40 1 0 1121.23
2 152.73 153.87 153.30 1.14 1 0 764.43
3 152.73 156.13 154.43 3.40 1 0 495.58
8 155.00 153.87 154.44 -1.13 1 0 629.33
12 156.13 155.00 155.57 -1.13 1 0 691.92
16 158.40 155.00 156.70 -3.40 1 0 605.11
7 155.00 151.60 153.30 -3.40 1 0 504.73
14 157.27 153.87 155.57 -3.40 1 0 577.75
4 153.87 152.73 153.30 -1.14 1 0 560.69
3 152.73 156.13 154.43 3.40 1 0 1062.90
5 153.87 155.00 154.44 1.13 1 0 539.71
6 153.87 157.27 155.57 3.40 1 0 446.15
9 155.00 156.13 155.57 1.13 1 0 419.21
16 158.40 155.00 156.70 -3.40 1 0 426.46
1 151.60 155.00 153.30 3.40 0 1 816.04
12 156.13 155.00 155.57 -1.13 1 0 546.22
15 157.27 156.13 156.70 -1.14 1 0 492.73
14 157.27 153.87 155.57 -3.40 1 0 462.50
8 155.00 153.87 154.44 -1.13 1 0 566.98
10 155.00 158.40 156.70 3.40 1 0 424.97
2 152.73 153.87 153.30 1.14 1 0 718.34
7 155.00 151.60 153.30 -3.40 1 0 465.86
13 156.13 157.27 156.70 1.14 1 0 484.61
4 153.87 152.73 153.30 -1.14 1 0 521.64
11 156.13 152.73 154.43 -3.40 1 0 513.38
14 157.27 153.87 155.57 -3.40 1 0 546.02
12 156.13 155.00 155.57 -1.13 1 0 607.86
4 153.87 152.73 153.30 -1.14 1 0 813.04
6 153.87 157.27 155.57 3.40 1 0 553.10
5 153.87 155.00 154.44 1.13 1 0 405.47
2 152.73 153.87 153.30 1.14 1 0 464.06
8 155.00 153.87 154.44 -1.13 1 0 459.63
1 151.60 155.00 153.30 3.40 1 0 411.19
11 156.13 152.73 154.43 -3.40 1 0 463.28
9 155.00 156.13 155.57 1.13 1 0 551.58
7 155.00 151.60 153.30 -3.40 1 0 514.03
3 152.73 156.13 154.43 3.40 1 0 571.46
13 156.13 157.27 156.70 1.14 1 0 433.66
15 157.27 156.13 156.70 -1.14 1 0 437.39
10 155.00 158.40 156.70 3.40 1 0 909.08
16 158.40 155.00 156.70 -3.40 1 0 641.24
14 157.27 153.87 155.57 -3.40 1 0 571.60
6 153.87 157.27 155.57 3.40 1 0 1503.03
10 155.00 158.40 156.70 3.40 1 0 686.20
2 152.73 153.87 153.30 1.14 1 0 830.06
9 155.00 156.13 155.57 1.13 1 0 541.83
13 156.13 157.27 156.70 1.14 1 0 596.09
12 156.13 155.00 155.57 -1.13 1 0 459.73
15 157.27 156.13 156.70 -1.14 1 0 551.65
7 155.00 151.60 153.30 -3.40 1 0 882.52
3 152.73 156.13 154.43 3.40 1 0 576.54
4 153.87 152.73 153.30 -1.14 1 0 913.75
8 155.00 153.87 154.44 -1.13 1 0 570.60
11 156.13 152.73 154.43 -3.40 1 0 549.55
5 153.87 155.00 154.44 1.13 1 0 780.24
16 158.40 155.00 156.70 -3.40 1 0 532.99
1 151.60 155.00 153.30 3.40 1 0 448.70
13 156.13 157.27 156.70 1.14 1 0 740.86
5 153.87 155.00 154.44 1.13 0 1 1461.68
11 156.13 152.73 154.43 -3.40 1 0 1124.30
8 155.00 153.87 154.44 -1.13 0 1 1281.72
15 157.27 156.13 156.70 -1.14 1 0 709.59
4 153.87 152.73 153.30 -1.14 1 0 1120.03
6 153.87 157.27 155.57 3.40 1 0 1074.05
10 155.00 158.40 156.70 3.40 1 0 816.97
2 152.73 153.87 153.30 1.14 1 0 725.04
1 151.60 155.00 153.30 3.40 0 1 2268.87
7 155.00 151.60 153.30 -3.40 1 0 1095.79
9 155.00 156.13 155.57 1.13 1 0 866.50
14 157.27 153.87 155.57 -3.40 1 0 731.12
12 156.13 155.00 155.57 -1.13 1 0 1280.76
16 158.40 155.00 156.70 -3.40 1 0 574.22
3 152.73 156.13 154.43 3.40 0 1 938.02
