13 156.13 157.27 156.70 1.14 0 1 2538.03
15 157.27 156.13 156.70 -1.14 0 1 623.68
3 152.73 156.13 154.43 3.40 0 1 1839.83
10 155.00 158.40 156.70 3.40 0 1 661.06
2 152.73 153.87 153.30 1.14 0 1 364.48
5 153.87 155.00 154.44 1.13 0 1 317.24
9 155.00 156.13 155.57 1.13 0 1 469.17
16 158.40 155.00 156.70 -3.40 0 1 2307.85
8 155.00 153.87 154.44 -1.13 0 1 367.42
7 155.00 151.60 153.30 -3.40 0 1 397.37
11 156.13 152.73 154.43 -3.40 0 1 446.62
14 157.27 153.87 155.57 -3.40 0 1 901.98
12 156.13 155.00 155.57 -1.13 1 0 239.35
4 153.87 152.73 153.30 -1.14 0 1 257.13
1 151.60 155.00 153.30 3.40 0 1 507.77
6 153.87 157.27 155.57 3.40 0 1 1057.31
15 157.27 156.13 156.70 -1.14 0 1 334.03
2 152.73 153.87 153.30 1.14 0 1 706.64
8 155.00 153.87 154.44 -1.13 0 1 385.42
7 155.00 151.60 153.30 -3.40 0 1 355.34
12 156.13 155.00 155.57 -1.13 0 1 285.77
13 156.13 157.27 156.70 1.14 0 1 631.16
4 153.87 152.73 153.30 -1.14 1 0 267.81
11 156.13 152.73 154.43 -3.40 0 1 283.87
5 153.87 155.00 154.44 1.13 0 1 1380.12
3 152.73 156.13 154.43 3.40 0 1 606.74
6 153.87 157.27 155.57 3.40 0 1 785.33
10 155.00 158.40 156.70 3.40 0 1 511.62
9 155.00 156.13 155.57 1.13 0 1 1232.79
14 157.27 153.87 155.57 -3.40 0 1 394.70
1 151.60 155.00 153.30 3.40 0 1 436.49
16 158.40 155.00 156.70 -3.40 0 1 566.56
2 152.73 153.87 153.30 1.14 0 1 810.14
8 155.00 153.87 154.44 -1.13 0 1 1457.28
3 152.73 156.13 154.43 3.40 0 1 1183.03
15 157.27 156.13 156.70 -1.14 0 1 264.81
1 151.60 155.00 153.30 3.40 0 1 896.19
13 156.13 157.27 156.70 1.14 0 1 821.98
14 157.27 153.87 155.57 -3.40 0 1 315.35
7 155.00 151.60 153.30 -3.40 0 1 732.79
5 153.87 155.00 154.44 1.13 0 1 264.61
4 153.87 152.73 153.30 -1.14 0 1 356.73
10 155.00 158.40 156.70 3.40 0 1 318.72
9 155.00 156.13 155.57 1.13 0 1 448.32
6 153.87 157.27 155.57 3.40 0 1 701.23
11 156.13 152.73 154.43 -3.40 0 1 384.25
12 156.13 155.00 155.57 -1.13 0 1 328.96
16 158.40 155.00 156.70 -3.40 0 1 685.98
8 155.00 153.87 154.44 -1.13 1 0 605.34
3 152.73 156.13 154.43 3.40 0 1 280.99
5 153.87 155.00 154.44 1.13 0 1 350.31
7 155.00 151.60 153.30 -3.40 0 1 301.99
10 155.00 158.40 156.70 3.40 0 1 543.48
12 156.13 155.00 155.57 -1.13 0 1 624.28
4 153.87 152.73 153.30 -1.14 0 1 473.89
6 153.87 157.27 155.57 3.40 0 1 395.49
9 155.00 156.13 155.57 1.13 0 1 769.67
2 152.73 153.87 153.30 1.14 0 1 412.97
13 156.13 157.27 156.70 1.14 0 1 1285.93
1 151.60 155.00 153.30 3.40 0 1 818.08
15 157.27 156.13 156.70 -1.14 0 1 1121.93
11 156.13 152.73 154.43 -3.40 0 1 784.64
16 158.40 155.00 156.70 -3.40 0 1 762.65
14 157.27 153.87 155.57 -3.40 1 0 338.88
15 157.27 156.13 156.70 -1.14 0 1 474.01
13 156.13 157.27 156.70 1.14 0 1 1055.64
2 152.73 153.87 153.30 1.14 0 1 445.69
5 153.87 155.00 154.44 1.13 0 1 732.71
6 153.87 157.27 155.57 3.40 0 1 856.07
11 156.13 152.73 154.43 -3.40 0 1 392.91
3 152.73 156.13 154.43 3.40 0 1 534.63
12 156.13 155.00 155.57 -1.13 0 1 764.49
8 155.00 153.87 154.44 -1.13 0 1 516.72
14 157.27 153.87 155.57 -3.40 1 0 575.01
4 153.87 152.73 153.30 -1.14 0 1 227.15
1 151.60 155.00 153.30 3.40 0 1 251.88
9 155.00 156.13 155.57 1.13 0 1 242.15
10 155.00 158.40 156.70 3.40 1 0 244.09
16 158.40 155.00 156.70 -3.40 0 1 546.69
7 155.00 151.60 153.30 -3.40 0 1 610.15
13 156.13 157.27 156.70 1.14 0 1 403.02
2 152.73 153.87 153.30 1.14 1 0 307.80
3 152.73 156.13 154.43 3.40 0 1 998.78
4 153.87 152.73 153.30 -1.14 0 1 1316.26
7 155.00 151.60 153.30 -3.40 0 1 1156.27
9 155.00 156.13 155.57 1.13 0 1 1060.19
11 156.13 152.73 154.43 -3.40 1 0 791.75
10 155.00 158.40 156.70 3.40 0 1 628.57
5 153.87 155.00 154.44 1.13 0 1 753.98
1 151.60 155.00 153.30 3.40 0 1 369.68
16 158.40 155.00 156.70 -3.40 0 1 687.02
8 155.00 153.87 154.44 -1.13 0 1 753.03
6 153.87 157.27 155.57 3.40 0 1 898.79
15 157.27 156.13 156.70 -1.14 0 1 686.09
12 156.13 155.00 155.57 -1.13 0 1 1092.61
14 157.27 153.87 155.57 -3.40 1 0 630.23
11 156.13 152.73 154.43 -3.40 0 1 283.02
4 153.87 152.73 153.30 -1.14 1 0 207.60
7 155.00 151.60 153.30 -3.40 0 1 257.47
8 155.00 153.87 154.44 -1.13 0 1 1174.35
16 158.40 155.00 156.70 -3.40 0 1 1195.39
3 152.73 156.13 154.43 3.40 0 1 556.60
14 157.27 153.87 155.57 -3.40 1 0 965.30
10 155.00 158.40 156.70 3.40 0 1 1327.74
5 153.87 155.00 154.44 1.13 0 1 1300.18
13 156.13 157.27 156.70 1.14 0 1 1132.18
12 156.13 155.00 155.57 -1.13 0 1 1083.46
6 153.87 157.27 155.57 3.40 0 1 1220.05
15 157.27 156.13 156.70 -1.14 0 1 1347.29
1 151.60 155.00 153.30 3.40 0 1 1413.61
2 152.73 153.87 153.30 1.14 0 1 900.03
9 155.00 156.13 155.57 1.13 1 0 1159.00
11 156.13 152.73 154.43 -3.40 1 0 452.90
7 155.00 151.60 153.30 -3.40 0 1 1058.79
13 156.13 157.27 156.70 1.14 0 1 263.43
12 156.13 155.00 155.57 -1.13 0 1 467.69
16 158.40 155.00 156.70 -3.40 0 1 851.79
9 155.00 156.13 155.57 1.13 0 1 765.08
6 153.87 157.27 155.57 3.40 0 1 1327.50
3 152.73 156.13 154.43 3.40 0 1 707.35
10 155.00 158.40 156.70 3.40 0 1 308.16
2 152.73 153.87 153.30 1.14 1 0 260.73
5 153.87 155.00 154.44 1.13 0 1 271.16
8 155.00 153.87 154.44 -1.13 0 1 1504.79
14 157.27 153.87 155.57 -3.40 1 0 977.51
15 157.27 156.13 156.70 -1.14 0 1 828.12
4 153.87 152.73 153.30 -1.14 0 1 1132.32
1 151.60 155.00 153.30 3.40 0 1 1196.32
10 155.00 158.40 156.70 3.40 0 1 1450.51
7 155.00 151.60 153.30 -3.40 0 1 2755.68
15 157.27 156.13 156.70 -1.14 0 1 1028.91
1 151.60 155.00 153.30 3.40 0 1 1078.34
8 155.00 153.87 154.44 -1.13 0 1 628.28
13 156.13 157.27 156.70 1.14 0 1 742.55
6 153.87 157.27 155.57 3.40 0 1 752.08
2 152.73 153.87 153.30 1.14 0 1 298.97
4 153.87 152.73 153.30 -1.14 1 0 262.23
12 156.13 155.00 155.57 -1.13 0 1 758.46
3 152.73 156.13 154.43 3.40 0 1 573.04
5 153.87 155.00 154.44 1.13 0 1 347.56
11 156.13 152.73 154.43 -3.40 1 0 279.32
9 155.00 156.13 155.57 1.13 0 1 1289.11
14 157.27 153.87 155.57 -3.40 1 0 1653.60
16 158.40 155.00 156.70 -3.40 1 0 292.39
4 153.87 152.73 153.30 -1.14 1 0 295.91
3 152.73 156.13 154.43 3.40 1 0 403.42
2 152.73 153.87 153.30 1.14 1 0 773.07
7 155.00 151.60 153.30 -3.40 0 1 409.57
8 155.00 153.87 154.44 -1.13 0 1 555.08
6 153.87 157.27 155.57 3.40 0 1 678.17
12 156.13 155.00 155.57 -1.13 0 1 505.07
10 155.00 158.40 156.70 3.40 0 1 865.95
13 156.13 157.27 156.70 1.14 0 1 1477.66
15 157.27 156.13 156.70 -1.14 0 1 1555.38
16 158.40 155.00 156.70 -3.40 1 0 353.58
11 156.13 152.73 154.43 -3.40 0 1 484.18
9 155.00 156.13 155.57 1.13 0 1 836.66
14 157.27 153.87 155.57 -3.40 0 1 845.06
5 153.87 155.00 154.44 1.13 0 1 893.97
1 151.60 155.00 153.30 3.40 0 1 1273.96
6 153.87 157.27 155.57 3.40 1 0 268.61
7 155.00 151.60 153.30 -3.40 1 0 872.22
5 153.87 155.00 154.44 1.13 0 1 1658.53
4 153.87 152.73 153.30 -1.14 0 1 2259.00
13 156.13 157.27 156.70 1.14 0 1 1532.00
14 157.27 153.87 155.57 -3.40 1 0 2400.23
12 156.13 155.00 155.57 -1.13 0 1 1173.84
15 157.27 156.13 156.70 -1.14 1 0 1862.92
11 156.13 152.73 154.43 -3.40 0 1 1557.87
8 155.00 153.87 154.44 -1.13 0 1 1328.87
16 158.40 155.00 156.70 -3.40 0 1 1499.14
9 155.00 156.13 155.57 1.13 0 1 2202.04
10 155.00 158.40 156.70 3.40 1 0 840.92
3 152.73 156.13 154.43 3.40 1 0 1609.91
2 152.73 153.87 153.30 1.14 0 1 1068.43
1 151.60 155.00 153.30 3.40 0 1 1483.73
14 157.27 153.87 155.57 -3.40 1 0 1944.78
10 155.00 158.40 156.70 3.40 0 1 1011.54
16 158.40 155.00 156.70 -3.40 1 0 819.13
9 155.00 156.13 155.57 1.13 0 1 870.01
8 155.00 153.87 154.44 -1.13 1 0 890.58
13 156.13 157.27 156.70 1.14 0 1 868.14
4 153.87 152.73 153.30 -1.14 0 1 287.56
15 157.27 156.13 156.70 -1.14 0 1 1559.70
12 156.13 155.00 155.57 -1.13 0 1 1973.77
5 153.87 155.00 154.44 1.13 0 1 1342.79
11 156.13 152.73 154.43 -3.40 0 1 1682.96
2 152.73 153.87 153.30 1.14 0 1 1017.39
1 151.60 155.00 153.30 3.40 1 0 268.44
3 152.73 156.13 154.43 3.40 0 1 667.13
6 153.87 157.27 155.57 3.40 1 0 833.47
7 155.00 151.60 153.30 -3.40 1 0 1125.51
4 153.87 152.73 153.30 -1.14 1 0 863.10
15 157.27 156.13 156.70 -1.14 0 1 963.73
2 152.73 153.87 153.30 1.14 0 1 636.61
3 152.73 156.13 154.43 3.40 1 0 3260.36
10 155.00 158.40 156.70 3.40 0 1 465.94
12 156.13 155.00 155.57 -1.13 0 1 1743.65
14 157.27 153.87 155.57 -3.40 0 1 1744.49
16 158.40 155.00 156.70 -3.40 0 1 5152.10
13 156.13 157.27 156.70 1.14 1 0 1542.06
9 155.00 156.13 155.57 1.13 0 1 817.28
7 155.00 151.60 153.30 -3.40 0 1 6126.08
1 151.60 155.00 153.30 3.40 0 1 2000.11
6 153.87 157.27 155.57 3.40 0 1 467.25
5 153.87 155.00 154.44 1.13 0 1 1104.81
8 155.00 153.87 154.44 -1.13 0 1 972.48
11 156.13 152.73 154.43 -3.40 0 1 1794.29
1 151.60 155.00 153.30 3.40 0 1 589.65
14 157.27 153.87 155.57 -3.40 0 1 1790.20
9 155.00 156.13 155.57 1.13 1 0 1245.99
6 153.87 157.27 155.57 3.40 1 0 293.91
8 155.00 153.87 154.44 -1.13 1 0 1935.32
2 152.73 153.87 153.30 1.14 0 1 456.19
4 153.87 152.73 153.30 -1.14 0 1 269.60
11 156.13 152.73 154.43 -3.40 1 0 303.84
3 152.73 156.13 154.43 3.40 0 1 296.08
16 158.40 155.00 156.70 -3.40 0 1 442.90
12 156.13 155.00 155.57 -1.13 0 1 1199.02
5 153.87 155.00 154.44 1.13 0 1 3319.88
7 155.00 151.60 153.30 -3.40 0 1 2007.85
13 156.13 157.27 156.70 1.14 0 1 1281.30
15 157.27 156.13 156.70 -1.14 0 1 685.78
10 155.00 158.40 156.70 3.40 0 1 1637.08
5 153.87 155.00 154.44 1.13 1 0 841.12
3 152.73 156.13 154.43 3.40 0 1 333.08
4 153.87 152.73 153.30 -1.14 0 1 1272.88
14 157.27 153.87 155.57 -3.40 1 0 2425.52
2 152.73 153.87 153.30 1.14 1 0 2268.65
8 155.00 153.87 154.44 -1.13 1 0 1045.53
1 151.60 155.00 153.30 3.40 1 0 576.98
6 153.87 157.27 155.57 3.40 1 0 326.10
16 158.40 155.00 156.70 -3.40 0 1 333.70
9 155.00 156.13 155.57 1.13 0 1 539.87
12 156.13 155.00 155.57 -1.13 0 1 617.89
10 155.00 158.40 156.70 3.40 0 1 2216.50
13 156.13 157.27 156.70 1.14 0 1 1962.58
15 157.27 156.13 156.70 -1.14 1 0 282.12
11 156.13 152.73 154.43 -3.40 0 1 1885.98
7 155.00 151.60 153.30 -3.40 0 1 928.35
2 152.73 153.87 153.30 1.14 0 1 285.95
13 156.13 157.27 156.70 1.14 1 0 338.51
6 153.87 157.27 155.57 3.40 0 1 445.64
10 155.00 158.40 156.70 3.40 0 1 9743.43
12 156.13 155.00 155.57 -1.13 0 1 1277.76
3 152.73 156.13 154.43 3.40 0 1 8561.68
9 155.00 156.13 155.57 1.13 0 1 7578.35
8 155.00 153.87 154.44 -1.13 0 1 743.35
14 157.27 153.87 155.57 -3.40 0 1 276.86
15 157.27 156.13 156.70 -1.14 0 1 377.45
11 156.13 152.73 154.43 -3.40 0 1 2558.78
5 153.87 155.00 154.44 1.13 0 1 551.86
16 158.40 155.00 156.70 -3.40 0 1 308.22
7 155.00 151.60 153.30 -3.40 0 1 271.58
4 153.87 152.73 153.30 -1.14 0 1 276.24
1 151.60 155.00 153.30 3.40 0 1 390.99
7 155.00 151.60 153.30 -3.40 0 1 401.33
11 156.13 152.73 154.43 -3.40 0 1 448.45
12 156.13 155.00 155.57 -1.13 0 1 514.51
9 155.00 156.13 155.57 1.13 0 1 5380.62
3 152.73 156.13 154.43 3.40 0 1 8451.02
10 155.00 158.40 156.70 3.40 0 1 312.34
2 152.73 153.87 153.30 1.14 0 1 330.88
4 153.87 152.73 153.30 -1.14 0 1 309.48
6 153.87 157.27 155.57 3.40 0 1 259.13
5 153.87 155.00 154.44 1.13 0 1 4420.82
14 157.27 153.87 155.57 -3.40 0 1 787.29
15 157.27 156.13 156.70 -1.14 1 0 1432.75
16 158.40 155.00 156.70 -3.40 0 1 256.81
13 156.13 157.27 156.70 1.14 0 1 719.87
8 155.00 153.87 154.44 -1.13 0 1 424.30
1 151.60 155.00 153.30 3.40 0 1 487.18
5 153.87 155.00 154.44 1.13 0 1 415.28
6 153.87 157.27 155.57 3.40 0 1 343.79
11 156.13 152.73 154.43 -3.40 0 1 377.09
15 157.27 156.13 156.70 -1.14 0 1 354.18
8 155.00 153.87 154.44 -1.13 0 1 349.15
12 156.13 155.00 155.57 -1.13 0 1 287.61
3 152.73 156.13 154.43 3.40 0 1 409.32
4 153.87 152.73 153.30 -1.14 0 1 499.07
2 152.73 153.87 153.30 1.14 0 1 463.38
13 156.13 157.27 156.70 1.14 0 1 760.16
14 157.27 153.87 155.57 -3.40 0 1 386.37
9 155.00 156.13 155.57 1.13 0 1 508.33
7 155.00 151.60 153.30 -3.40 0 1 353.34
1 151.60 155.00 153.30 3.40 0 1 587.38
10 155.00 158.40 156.70 3.40 0 1 1073.77
16 158.40 155.00 156.70 -3.40 1 0 748.47
