11 156.13 152.73 154.43 -3.40 1 0 1117.60
7 155.00 151.60 153.30 -3.40 1 0 2227.32
8 155.00 153.87 154.44 -1.13 0 1 2016.76
15 157.27 156.13 156.70 -1.14 1 0 1549.50
1 151.60 155.00 153.30 3.40 1 0 2063.51
3 152.73 156.13 154.43 3.40 1 0 3331.27
9 155.00 156.13 155.57 1.13 1 0 7243.36
2 152.73 153.87 153.30 1.14 0 1 2381.05
14 157.27 153.87 155.57 -3.40 1 0 8194.60
5 153.87 155.00 154.44 1.13 1 0 4162.24
16 158.40 155.00 156.70 -3.40 1 0 1142.47
10 155.00 158.40 156.70 3.40 0 1 2041.87
13 156.13 157.27 156.70 1.14 1 0 1457.65
4 153.87 152.73 153.30 -1.14 0 1 2046.81
12 156.13 155.00 155.57 -1.13 0 1 2305.59
6 153.87 157.27 155.57 3.40 1 0 2836.74
7 155.00 151.60 153.30 -3.40 0 1 1187.61
9 155.00 156.13 155.57 1.13 0 1 3042.23
14 157.27 153.87 155.57 -3.40 0 1 2598.66
13 156.13 157.27 156.70 1.14 1 0 2794.27
2 152.73 153.87 153.30 1.14 0 1 1617.89
5 153.87 155.00 154.44 1.13 0 1 912.46
10 155.00 158.40 156.70 3.40 0 1 1181.87
8 155.00 153.87 154.44 -1.13 1 0 2216.96
15 157.27 156.13 156.70 -1.14 1 0 814.97
12 156.13 155.00 155.57 -1.13 0 1 3603.77
6 153.87 157.27 155.57 3.40 0 1 1288.09
1 151.60 155.00 153.30 3.40 0 1 970.44
4 153.87 152.73 153.30 -1.14 1 0 1887.12
3 152.73 156.13 154.43 3.40 0 1 1585.72
11 156.13 152.73 154.43 -3.40 0 1 1285.55
16 158.40 155.00 156.70 -3.40 1 0 1016.21
4 153.87 152.73 153.30 -1.14 0 1 815.46
12 156.13 155.00 155.57 -1.13 1 0 1703.22
10 155.00 158.40 156.70 3.40 1 0 897.12
7 155.00 151.60 153.30 -3.40 0 1 687.96
9 155.00 156.13 155.57 1.13 0 1 2307.64
8 155.00 153.87 154.44 -1.13 0 1 2294.01
11 156.13 152.73 154.43 -3.40 1 0 1401.24
6 153.87 157.27 155.57 3.40 0 1 836.97
2 152.73 153.87 153.30 1.14 0 1 1120.07
13 156.13 157.27 156.70 1.14 0 1 2267.32
3 152.73 156.13 154.43 3.40 1 0 1913.65
15 157.27 156.13 156.70 -1.14 1 0 1232.14
14 157.27 153.87 155.57 -3.40 1 0 870.47
16 158.40 155.00 156.70 -3.40 1 0 994.46
1 151.60 155.00 153.30 3.40 0 1 911.52
5 153.87 155.00 154.44 1.13 0 1 1130.71
14 157.27 153.87 155.57 -3.40 0 1 1487.73
13 156.13 157.27 156.70 1.14 1 0 1161.20
10 155.00 158.40 156.70 3.40 1 0 1829.68
1 151.60 155.00 153.30 3.40 0 1 1114.26
7 155.00 151.60 153.30 -3.40 1 0 2205.99
15 157.27 156.13 156.70 -1.14 0 1 4823.54
11 156.13 152.73 154.43 -3.40 1 0 1978.52
5 153.87 155.00 154.44 1.13 1 0 1785.96
16 158.40 155.00 156.70 -3.40 1 0 1059.20
6 153.87 157.27 155.57 3.40 1 0 1809.75
2 152.73 153.87 153.30 1.14 0 1 1398.36
9 155.00 156.13 155.57 1.13 1 0 1744.04
12 156.13 155.00 155.57 -1.13 1 0 2063.19
3 152.73 156.13 154.43 3.40 0 1 1897.43
8 155.00 153.87 154.44 -1.13 1 0 1036.91
4 153.87 152.73 153.30 -1.14 1 0 1052.85
9 155.00 156.13 155.57 1.13 1 0 829.72
10 155.00 158.40 156.70 3.40 1 0 1625.03
15 157.27 156.13 156.70 -1.14 1 0 698.26
11 156.13 152.73 154.43 -3.40 1 0 1312.34
7 155.00 151.60 153.30 -3.40 0 1 571.00
12 156.13 155.00 155.57 -1.13 1 0 1125.23
13 156.13 157.27 156.70 1.14 1 0 2843.72
2 152.73 153.87 153.30 1.14 0 1 1449.99
3 152.73 156.13 154.43 3.40 0 1 1312.62
5 153.87 155.00 154.44 1.13 0 1 1118.36
14 157.27 153.87 155.57 -3.40 1 0 973.04
16 158.40 155.00 156.70 -3.40 1 0 2139.10
8 155.00 153.87 154.44 -1.13 0 1 2868.10
4 153.87 152.73 153.30 -1.14 0 1 1205.24
6 153.87 157.27 155.57 3.40 0 1 1450.12
1 151.60 155.00 153.30 3.40 0 1 865.19
2 152.73 153.87 153.30 1.14 1 0 1836.75
3 152.73 156.13 154.43 3.40 1 0 3477.60
14 157.27 153.87 155.57 -3.40 1 0 1106.31
8 155.00 153.87 154.44 -1.13 0 1 1394.62
9 155.00 156.13 155.57 1.13 1 0 1584.52
5 153.87 155.00 154.44 1.13 0 1 1315.02
10 155.00 158.40 156.70 3.40 1 0 847.01
7 155.00 151.60 153.30 -3.40 0 1 1163.49
11 156.13 152.73 154.43 -3.40 1 0 1695.11
15 157.27 156.13 156.70 -1.14 1 0 1414.08
4 153.87 152.73 153.30 -1.14 0 1 953.17
1 151.60 155.00 153.30 3.40 0 1 1381.51
12 156.13 155.00 155.57 -1.13 1 0 1525.39
16 158.40 155.00 156.70 -3.40 1 0 1174.99
6 153.87 157.27 155.57 3.40 0 1 2098.92
13 156.13 157.27 156.70 1.14 1 0 1179.14
6 153.87 157.27 155.57 3.40 0 1 1770.46
7 155.00 151.60 153.30 -3.40 1 0 1265.23
14 157.27 153.87 155.57 -3.40 1 0 1577.85
12 156.13 155.00 155.57 -1.13 1 0 883.95
5 153.87 155.00 154.44 1.13 0 1 849.44
1 151.60 155.00 153.30 3.40 0 1 2368.83
8 155.00 153.87 154.44 -1.13 1 0 900.15
15 157.27 156.13 156.70 -1.14 1 0 1393.87
9 155.00 156.13 155.57 1.13 0 1 970.94
16 158.40 155.00 156.70 -3.40 1 0 1197.63
4 153.87 152.73 153.30 -1.14 0 1 893.09
11 156.13 152.73 154.43 -3.40 1 0 1169.00
10 155.00 158.40 156.70 3.40 0 1 2091.58
2 152.73 153.87 153.30 1.14 0 1 3144.49
3 152.73 156.13 154.43 3.40 0 1 4507.02
13 156.13 157.27 156.70 1.14 0 1 2304.66
13 156.13 157.27 156.70 1.14 0 1 1442.33
6 153.87 157.27 155.57 3.40 0 1 1208.01
2 152.73 153.87 153.30 1.14 0 1 1426.46
12 156.13 155.00 155.57 -1.13 1 0 1228.90
16 158.40 155.00 156.70 -3.40 1 0 890.06
3 152.73 156.13 154.43 3.40 0 1 718.23
15 157.27 156.13 156.70 -1.14 1 0 918.15
8 155.00 153.87 154.44 -1.13 0 1 1084.03
14 157.27 153.87 155.57 -3.40 1 0 859.56
4 153.87 152.73 153.30 -1.14 0 1 1010.95
5 153.87 155.00 154.44 1.13 0 1 1979.70
10 155.00 158.40 156.70 3.40 1 0 630.34
9 155.00 156.13 155.57 1.13 1 0 3446.32
1 151.60 155.00 153.30 3.40 0 1 855.67
11 156.13 152.73 154.43 -3.40 1 0 954.20
7 155.00 151.60 153.30 -3.40 1 0 890.77
7 155.00 151.60 153.30 -3.40 0 1 1002.51
13 156.13 157.27 156.70 1.14 1 0 1139.52
8 155.00 153.87 154.44 -1.13 1 0 1293.18
15 157.27 156.13 156.70 -1.14 0 1 1332.65
12 156.13 155.00 155.57 -1.13 0 1 1814.62
9 155.00 156.13 155.57 1.13 0 1 3879.48
14 157.27 153.87 155.57 -3.40 1 0 930.94
16 158.40 155.00 156.70 -3.40 1 0 888.87
4 153.87 152.73 153.30 -1.14 0 1 3770.24
6 153.87 157.27 155.57 3.40 0 1 1886.83
3 152.73 156.13 154.43 3.40 0 1 931.33
10 155.00 158.40 156.70 3.40 1 0 2154.98
11 156.13 152.73 154.43 -3.40 1 0 1048.67
5 153.87 155.00 154.44 1.13 0 1 1059.53
1 151.60 155.00 153.30 3.40 0 1 1064.37
2 152.73 153.87 153.30 1.14 0 1 968.60
6 153.87 157.27 155.57 3.40 0 1 1134.40
5 153.87 155.00 154.44 1.13 0 1 1646.97
4 153.87 152.73 153.30 -1.14 1 0 1076.48
13 156.13 157.27 156.70 1.14 0 1 1498.51
7 155.00 151.60 153.30 -3.40 1 0 1377.09
2 152.73 153.87 153.30 1.14 0 1 997.08
3 152.73 156.13 154.43 3.40 0 1 1097.91
15 157.27 156.13 156.70 -1.14 1 0 920.55
11 156.13 152.73 154.43 -3.40 0 1 4322.37
9 155.00 156.13 155.57 1.13 1 0 962.26
12 156.13 155.00 155.57 -1.13 1 0 1152.95
14 157.27 153.87 155.57 -3.40 1 0 1606.94
8 155.00 153.87 154.44 -1.13 0 1 897.97
16 158.40 155.00 156.70 -3.40 1 0 1146.97
10 155.00 158.40 156.70 3.40 1 0 2376.83
1 151.60 155.00 153.30 3.40 0 1 835.80
7 155.00 151.60 153.30 -3.40 0 1 2270.29
15 157.27 156.13 156.70 -1.14 1 0 836.85
6 153.87 157.27 155.57 3.40 0 1 1182.69
10 155.00 158.40 156.70 3.40 0 1 3860.71
5 153.87 155.00 154.44 1.13 1 0 1731.03
3 152.73 156.13 154.43 3.40 0 1 625.90
13 156.13 157.27 156.70 1.14 0 1 407.66
16 158.40 155.00 156.70 -3.40 1 0 1167.03
14 157.27 153.87 155.57 -3.40 0 1 1718.35
2 152.73 153.87 153.30 1.14 1 0 1004.53
9 155.00 156.13 155.57 1.13 1 0 1279.90
12 156.13 155.00 155.57 -1.13 1 0 1412.01
4 153.87 152.73 153.30 -1.14 0 1 784.45
8 155.00 153.87 154.44 -1.13 0 1 1319.80
11 156.13 152.73 154.43 -3.40 1 0 729.71
1 151.60 155.00 153.30 3.40 0 1 660.87
13 156.13 157.27 156.70 1.14 1 0 2358.20
10 155.00 158.40 156.70 3.40 1 0 1901.68
8 155.00 153.87 154.44 -1.13 1 0 1568.77
5 153.87 155.00 154.44 1.13 1 0 1182.05
4 153.87 152.73 153.30 -1.14 0 1 860.00
2 152.73 153.87 153.30 1.14 0 1 1702.96
12 156.13 155.00 155.57 -1.13 1 0 762.62
14 157.27 153.87 155.57 -3.40 1 0 832.00
16 158.40 155.00 156.70 -3.40 1 0 1346.49
11 156.13 152.73 154.43 -3.40 1 0 923.02
6 153.87 157.27 155.57 3.40 1 0 1652.85
9 155.00 156.13 155.57 1.13 0 1 1205.18
15 157.27 156.13 156.70 -1.14 1 0 1240.75
7 155.00 151.60 153.30 -3.40 1 0 1565.25
3 152.73 156.13 154.43 3.40 0 1 758.47
1 151.60 155.00 153.30 3.40 0 1 754.49
14 157.27 153.87 155.57 -3.40 0 1 4232.89
7 155.00 151.60 153.30 -3.40 1 0 1297.99
6 153.87 157.27 155.57 3.40 0 1 858.89
15 157.27 156.13 156.70 -1.14 1 0 2310.52
8 155.00 153.87 154.44 -1.13 1 0 1330.97
5 153.87 155.00 154.44 1.13 0 1 3339.30
2 152.73 153.87 153.30 1.14 0 1 1853.21
10 155.00 158.40 156.70 3.40 0 1 2475.53
3 152.73 156.13 154.43 3.40 0 1 1088.75
12 156.13 155.00 155.57 -1.13 1 0 1070.70
4 153.87 152.73 153.30 -1.14 1 0 1845.78
13 156.13 157.27 156.70 1.14 0 1 2141.83
11 156.13 152.73 154.43 -3.40 1 0 1497.07
9 155.00 156.13 155.57 1.13 0 1 1764.00
16 158.40 155.00 156.70 -3.40 1 0 780.14
1 151.60 155.00 153.30 3.40 0 1 1241.82
6 153.87 157.27 155.57 3.40 0 1 1008.39
9 155.00 156.13 155.57 1.13 1 0 2066.40
10 155.00 158.40 156.70 3.40 0 1 1592.49
3 152.73 156.13 154.43 3.40 0 1 1207.90
15 157.27 156.13 156.70 -1.14 1 0 1352.77
11 156.13 152.73 154.43 -3.40 1 0 1272.07
12 156.13 155.00 155.57 -1.13 0 1 2623.94
14 157.27 153.87 155.57 -3.40 0 1 1714.27
7 155.00 151.60 153.30 -3.40 0 1 1313.38
13 156.13 157.27 156.70 1.14 1 0 1462.23
4 153.87 152.73 153.30 -1.14 0 1 1629.44
16 158.40 155.00 156.70 -3.40 1 0 1937.87
2 152.73 153.87 153.30 1.14 0 1 819.14
5 153.87 155.00 154.44 1.13 0 1 1666.15
1 151.60 155.00 153.30 3.40 0 1 1237.29
8 155.00 153.87 154.44 -1.13 1 0 1462.07
5 153.87 155.00 154.44 1.13 0 1 891.27
14 157.27 153.87 155.57 -3.40 1 0 1868.71
9 155.00 156.13 155.57 1.13 1 0 1003.81
15 157.27 156.13 156.70 -1.14 0 1 705.47
16 158.40 155.00 156.70 -3.40 1 0 811.15
10 155.00 158.40 156.70 3.40 0 1 1030.92
3 152.73 156.13 154.43 3.40 0 1 1535.70
7 155.00 151.60 153.30 -3.40 0 1 1224.41
2 152.73 153.87 153.30 1.14 0 1 800.84
11 156.13 152.73 154.43 -3.40 1 0 1078.71
12 156.13 155.00 155.57 -1.13 0 1 795.13
4 153.87 152.73 153.30 -1.14 0 1 589.88
6 153.87 157.27 155.57 3.40 1 0 735.23
8 155.00 153.87 154.44 -1.13 1 0 1272.42
13 156.13 157.27 156.70 1.14 0 1 1607.50
1 151.60 155.00 153.30 3.40 0 1 2694.99
13 156.13 157.27 156.70 1.14 1 0 5227.65
4 153.87 152.73 153.30 -1.14 1 0 2751.69
3 152.73 156.13 154.43 3.40 0 1 1296.69
11 156.13 152.73 154.43 -3.40 1 0 1523.47
5 153.87 155.00 154.44 1.13 0 1 1514.14
9 155.00 156.13 155.57 1.13 1 0 3245.05
15 157.27 156.13 156.70 -1.14 1 0 751.56
2 152.73 153.87 153.30 1.14 0 1 668.18
8 155.00 153.87 154.44 -1.13 1 0 1434.14
10 155.00 158.40 156.70 3.40 1 0 792.58
6 153.87 157.27 155.57 3.40 0 1 1499.11
1 151.60 155.00 153.30 3.40 0 1 803.17
12 156.13 155.00 155.57 -1.13 1 0 748.01
14 157.27 153.87 155.57 -3.40 1 0 618.16
16 158.40 155.00 156.70 -3.40 1 0 665.11
7 155.00 151.60 153.30 -3.40 1 0 1664.61
7 155.00 151.60 153.30 -3.40 1 0 1513.52
5 153.87 155.00 154.44 1.13 0 1 1025.95
14 157.27 153.87 155.57 -3.40 1 0 1048.33
12 156.13 155.00 155.57 -1.13 1 0 896.67
8 155.00 153.87 154.44 -1.13 1 0 874.97
15 157.27 156.13 156.70 -1.14 1 0 985.28
4 153.87 152.73 153.30 -1.14 0 1 767.10
11 156.13 152.73 154.43 -3.40 1 0 886.28
13 156.13 157.27 156.70 1.14 1 0 844.31
3 152.73 156.13 154.43 3.40 0 1 816.97
2 152.73 153.87 153.30 1.14 0 1 817.74
6 153.87 157.27 155.57 3.40 0 1 1450.01
1 151.60 155.00 153.30 3.40 0 1 599.71
9 155.00 156.13 155.57 1.13 1 0 590.07
16 158.40 155.00 156.70 -3.40 1 0 647.05
10 155.00 158.40 156.70 3.40 0 1 1012.48
15 157.27 156.13 156.70 -1.14 1 0 724.71
8 155.00 153.87 154.44 -1.13 0 1 542.70
13 156.13 157.27 156.70 1.14 1 0 714.35
12 156.13 155.00 155.57 -1.13 1 0 834.40
2 152.73 153.87 153.30 1.14 0 1 629.72
11 156.13 152.73 154.43 -3.40 1 0 1327.87
1 151.60 155.00 153.30 3.40 0 1 943.39
9 155.00 156.13 155.57 1.13 0 1 1012.84
3 152.73 156.13 154.43 3.40 0 1 936.68
4 153.87 152.73 153.30 -1.14 0 1 2409.80
14 157.27 153.87 155.57 -3.40 1 0 829.46
7 155.00 151.60 153.30 -3.40 1 0 1779.66
16 158.40 155.00 156.70 -3.40 1 0 1316.58
6 153.87 157.27 155.57 3.40 0 1 1175.99
10 155.00 158.40 156.70 3.40 1 0 954.37
5 153.87 155.00 154.44 1.13 1 0 1608.97
