13 156.13 157.27 156.70 1.14 1 0 1136.60
15 157.27 156.13 156.70 -1.14 1 0 989.56
3 152.73 156.13 154.43 3.40 0 1 858.95
10 155.00 158.40 156.70 3.40 1 0 1056.39
2 152.73 153.87 153.30 1.14 0 1 1052.37
5 153.87 155.00 154.44 1.13 0 1 832.56
9 155.00 156.13 155.57 1.13 1 0 1110.19
16 158.40 155.00 156.70 -3.40 1 0 908.07
8 155.00 153.87 154.44 -1.13 0 1 692.38
7 155.00 151.60 153.30 -3.40 0 1 542.58
11 156.13 152.73 154.43 -3.40 0 1 886.24
14 157.27 153.87 155.57 -3.40 1 0 791.28
12 156.13 155.00 155.57 -1.13 0 1 583.17
4 153.87 152.73 153.30 -1.14 1 0 843.42
1 151.60 155.00 153.30 3.40 0 1 615.88
6 153.87 157.27 155.57 3.40 0 1 1356.85
15 157.27 156.13 156.70 -1.14 1 0 806.05
2 152.73 153.87 153.30 1.14 0 1 1146.47
8 155.00 153.87 154.44 -1.13 1 0 787.07
7 155.00 151.60 153.30 -3.40 0 1 599.39
12 156.13 155.00 155.57 -1.13 0 1 1110.81
13 156.13 157.27 156.70 1.14 1 0 651.79
4 153.87 152.73 153.30 -1.14 0 1 1261.11
11 156.13 152.73 154.43 -3.40 1 0 887.30
5 153.87 155.00 154.44 1.13 0 1 710.19
3 152.73 156.13 154.43 3.40 0 1 637.28
6 153.87 157.27 155.57 3.40 0 1 605.46
10 155.00 158.40 156.70 3.40 1 0 1122.94
9 155.00 156.13 155.57 1.13 0 1 1379.43
14 157.27 153.87 155.57 -3.40 0 1 945.75
1 151.60 155.00 153.30 3.40 0 1 1045.59
16 158.40 155.00 156.70 -3.40 1 0 655.05
2 152.73 153.87 153.30 1.14 0 1 674.03
8 155.00 153.87 154.44 -1.13 0 1 902.57
3 152.73 156.13 154.43 3.40 0 1 688.92
15 157.27 156.13 156.70 -1.14 1 0 851.13
1 151.60 155.00 153.30 3.40 0 1 565.24
13 156.13 157.27 156.70 1.14 1 0 652.20
14 157.27 153.87 155.57 -3.40 1 0 805.84
7 155.00 151.60 153.30 -3.40 0 1 711.26
5 153.87 155.00 154.44 1.13 0 1 802.59
4 153.87 152.73 153.30 -1.14 0 1 1044.11
10 155.00 158.40 156.70 3.40 1 0 708.77
9 155.00 156.13 155.57 1.13 1 0 1044.21
6 153.87 157.27 155.57 3.40 1 0 896.55
11 156.13 152.73 154.43 -3.40 0 1 743.97
12 156.13 155.00 155.57 -1.13 0 1 951.94
16 158.40 155.00 156.70 -3.40 1 0 1001.36
8 155.00 153.87 154.44 -1.13 0 1 770.61
3 152.73 156.13 154.43 3.40 0 1 1233.37
5 153.87 155.00 154.44 1.13 0 1 1188.76
7 155.00 151.60 153.30 -3.40 0 1 1065.18
10 155.00 158.40 156.70 3.40 1 0 893.27
12 156.13 155.00 155.57 -1.13 0 1 711.51
4 153.87 152.73 153.30 -1.14 0 1 1143.21
6 153.87 157.27 155.57 3.40 1 0 707.60
9 155.00 156.13 155.57 1.13 1 0 798.10
2 152.73 153.87 153.30 1.14 0 1 937.26
13 156.13 157.27 156.70 1.14 1 0 672.06
1 151.60 155.00 153.30 3.40 1 0 1302.12
15 157.27 156.13 156.70 -1.14 1 0 1090.73
11 156.13 152.73 154.43 -3.40 0 1 676.61
16 158.40 155.00 156.70 -3.40 1 0 765.48
14 157.27 153.87 155.57 -3.40 0 1 987.43
15 157.27 156.13 156.70 -1.14 1 0 837.13
13 156.13 157.27 156.70 1.14 1 0 787.26
2 152.73 153.87 153.30 1.14 0 1 1060.09
5 153.87 155.00 154.44 1.13 0 1 999.25
6 153.87 157.27 155.57 3.40 1 0 1193.13
11 156.13 152.73 154.43 -3.40 0 1 654.64
3 152.73 156.13 154.43 3.40 1 0 972.75
12 156.13 155.00 155.57 -1.13 0 1 886.80
8 155.00 153.87 154.44 -1.13 0 1 764.58
14 157.27 153.87 155.57 -3.40 0 1 991.63
4 153.87 152.73 153.30 -1.14 0 1 1313.50
1 151.60 155.00 153.30 3.40 0 1 1522.15
9 155.00 156.13 155.57 1.13 1 0 1468.82
10 155.00 158.40 156.70 3.40 1 0 633.11
16 158.40 155.00 156.70 -3.40 0 1 809.50
7 155.00 151.60 153.30 -3.40 0 1 870.72
13 156.13 157.27 156.70 1.14 1 0 1111.38
2 152.73 153.87 153.30 1.14 0 1 801.45
3 152.73 156.13 154.43 3.40 1 0 980.25
4 153.87 152.73 153.30 -1.14 0 1 1475.08
7 155.00 151.60 153.30 -3.40 0 1 934.59
9 155.00 156.13 155.57 1.13 1 0 876.84
11 156.13 152.73 154.43 -3.40 1 0 1362.89
10 155.00 158.40 156.70 3.40 0 1 1230.86
5 153.87 155.00 154.44 1.13 1 0 1191.90
1 151.60 155.00 153.30 3.40 0 1 904.46
16 158.40 155.00 156.70 -3.40 1 0 890.34
8 155.00 153.87 154.44 -1.13 0 1 696.48
6 153.87 157.27 155.57 3.40 1 0 835.48
15 157.27 156.13 156.70 -1.14 1 0 725.63
12 156.13 155.00 155.57 -1.13 0 1 1124.19
14 157.27 153.87 155.57 -3.40 1 0 808.93
11 156.13 152.73 154.43 -3.40 1 0 759.06
4 153.87 152.73 153.30 -1.14 0 1 748.29
7 155.00 151.60 153.30 -3.40 0 1 889.43
8 155.00 153.87 154.44 -1.13 0 1 923.23
16 158.40 155.00 156.70 -3.40 0 1 712.12
3 152.73 156.13 154.43 3.40 0 1 982.33
14 157.27 153.87 155.57 -3.40 1 0 987.52
10 155.00 158.40 156.70 3.40 1 0 1206.14
5 153.87 155.00 154.44 1.13 0 1 1077.77
13 156.13 157.27 156.70 1.14 1 0 823.91
12 156.13 155.00 155.57 -1.13 0 1 1119.28
6 153.87 157.27 155.57 3.40 1 0 1066.60
15 157.27 156.13 156.70 -1.14 1 0 1416.91
1 151.60 155.00 153.30 3.40 0 1 716.07
2 152.73 153.87 153.30 1.14 0 1 925.35
9 155.00 156.13 155.57 1.13 1 0 1160.95
11 156.13 152.73 154.43 -3.40 0 1 888.55
7 155.00 151.60 153.30 -3.40 1 0 1728.10
13 156.13 157.27 156.70 1.14 1 0 787.87
12 156.13 155.00 155.57 -1.13 0 1 813.72
16 158.40 155.00 156.70 -3.40 1 0 766.94
9 155.00 156.13 155.57 1.13 1 0 1101.10
6 153.87 157.27 155.57 3.40 1 0 679.09
3 152.73 156.13 154.43 3.40 1 0 1379.04
10 155.00 158.40 156.70 3.40 1 0 805.96
2 152.73 153.87 153.30 1.14 0 1 811.79
5 153.87 155.00 154.44 1.13 0 1 1466.97
8 155.00 153.87 154.44 -1.13 0 1 1204.25
14 157.27 153.87 155.57 -3.40 0 1 1401.97
15 157.27 156.13 156.70 -1.14 1 0 753.52
4 153.87 152.73 153.30 -1.14 0 1 1481.05
1 151.60 155.00 153.30 3.40 0 1 1597.60
10 155.00 158.40 156.70 3.40 1 0 1055.37
7 155.00 151.60 153.30 -3.40 0 1 1876.87
15 157.27 156.13 156.70 -1.14 1 0 1521.77
1 151.60 155.00 153.30 3.40 0 1 1250.92
8 155.00 153.87 154.44 -1.13 0 1 1113.08
13 156.13 157.27 156.70 1.14 0 1 1819.51
6 153.87 157.27 155.57 3.40 1 0 1932.34
2 152.73 153.87 153.30 1.14 0 1 913.92
4 153.87 152.73 153.30 -1.14 0 1 1770.05
12 156.13 155.00 155.57 -1.13 0 1 1373.18
3 152.73 156.13 154.43 3.40 0 1 727.56
5 153.87 155.00 154.44 1.13 0 1 832.06
11 156.13 152.73 154.43 -3.40 0 1 1264.88
9 155.00 156.13 155.57 1.13 1 0 935.28
14 157.27 153.87 155.57 -3.40 1 0 1263.64
16 158.40 155.00 156.70 -3.40 1 0 1748.34
4 153.87 152.73 153.30 -1.14 0 1 788.55
3 152.73 156.13 154.43 3.40 0 1 2245.01
2 152.73 153.87 153.30 1.14 0 1 836.29
7 155.00 151.60 153.30 -3.40 0 1 690.91
8 155.00 153.87 154.44 -1.13 0 1 989.34
6 153.87 157.27 155.57 3.40 1 0 1090.79
12 156.13 155.00 155.57 -1.13 0 1 935.26
10 155.00 158.40 156.70 3.40 1 0 2301.36
13 156.13 157.27 156.70 1.14 0 1 2538.90
15 157.27 156.13 156.70 -1.14 1 0 1886.57
16 158.40 155.00 156.70 -3.40 1 0 1175.10
11 156.13 152.73 154.43 -3.40 0 1 1294.37
9 155.00 156.13 155.57 1.13 1 0 1793.93
14 157.27 153.87 155.57 -3.40 0 1 1332.70
5 153.87 155.00 154.44 1.13 0 1 1460.60
1 151.60 155.00 153.30 3.40 0 1 992.09
6 153.87 157.27 155.57 3.40 1 0 1314.47
7 155.00 151.60 153.30 -3.40 0 1 924.28
5 153.87 155.00 154.44 1.13 0 1 1438.89
4 153.87 152.73 153.30 -1.14 0 1 1052.09
13 156.13 157.27 156.70 1.14 1 0 1017.05
14 157.27 153.87 155.57 -3.40 1 0 1657.26
12 156.13 155.00 155.57 -1.13 0 1 925.15
15 157.27 156.13 156.70 -1.14 1 0 1441.44
11 156.13 152.73 154.43 -3.40 0 1 1818.28
8 155.00 153.87 154.44 -1.13 0 1 1220.33
16 158.40 155.00 156.70 -3.40 1 0 1691.65
9 155.00 156.13 155.57 1.13 0 1 968.57
10 155.00 158.40 156.70 3.40 1 0 952.27
3 152.73 156.13 154.43 3.40 0 1 1028.84
2 152.73 153.87 153.30 1.14 0 1 935.58
1 151.60 155.00 153.30 3.40 0 1 641.55
14 157.27 153.87 155.57 -3.40 1 0 764.81
10 155.00 158.40 156.70 3.40 1 0 906.89
16 158.40 155.00 156.70 -3.40 1 0 1185.89
9 155.00 156.13 155.57 1.13 0 1 1629.87
8 155.00 153.87 154.44 -1.13 1 0 1984.27
13 156.13 157.27 156.70 1.14 1 0 1274.72
4 153.87 152.73 153.30 -1.14 0 1 1110.00
15 157.27 156.13 156.70 -1.14 0 1 1679.29
12 156.13 155.00 155.57 -1.13 0 1 1082.75
5 153.87 155.00 154.44 1.13 0 1 2269.57
11 156.13 152.73 154.43 -3.40 0 1 1140.21
2 152.73 153.87 153.30 1.14 0 1 965.99
1 151.60 155.00 153.30 3.40 0 1 707.13
3 152.73 156.13 154.43 3.40 1 0 1339.95
6 153.87 157.27 155.57 3.40 1 0 951.23
7 155.00 151.60 153.30 -3.40 0 1 755.74
4 153.87 152.73 153.30 -1.14 0 1 815.79
15 157.27 156.13 156.70 -1.14 1 0 968.45
2 152.73 153.87 153.30 1.14 0 1 906.78
3 152.73 156.13 154.43 3.40 1 0 1078.35
10 155.00 158.40 156.70 3.40 1 0 847.78
12 156.13 155.00 155.57 -1.13 0 1 1266.23
14 157.27 153.87 155.57 -3.40 0 1 1073.95
16 158.40 155.00 156.70 -3.40 1 0 955.59
13 156.13 157.27 156.70 1.14 1 0 1370.56
9 155.00 156.13 155.57 1.13 0 1 957.77
7 155.00 151.60 153.30 -3.40 0 1 794.13
1 151.60 155.00 153.30 3.40 0 1 821.20
6 153.87 157.27 155.57 3.40 1 0 807.27
5 153.87 155.00 154.44 1.13 0 1 1445.43
8 155.00 153.87 154.44 -1.13 0 1 882.33
11 156.13 152.73 154.43 -3.40 0 1 868.55
1 151.60 155.00 153.30 3.40 0 1 831.08
14 157.27 153.87 155.57 -3.40 1 0 1254.35
9 155.00 156.13 155.57 1.13 1 0 1682.30
6 153.87 157.27 155.57 3.40 0 1 2095.96
8 155.00 153.87 154.44 -1.13 1 0 2299.68
2 152.73 153.87 153.30 1.14 0 1 1190.78
4 153.87 152.73 153.30 -1.14 0 1 1242.48
11 156.13 152.73 154.43 -3.40 0 1 2245.81
3 152.73 156.13 154.43 3.40 1 0 1225.27
16 158.40 155.00 156.70 -3.40 1 0 1203.73
12 156.13 155.00 155.57 -1.13 0 1 2865.15
5 153.87 155.00 154.44 1.13 0 1 1328.27
7 155.00 151.60 153.30 -3.40 0 1 1172.12
13 156.13 157.27 156.70 1.14 1 0 854.20
15 157.27 156.13 156.70 -1.14 1 0 1492.59
10 155.00 158.40 156.70 3.40 1 0 1732.79
5 153.87 155.00 154.44 1.13 0 1 1227.13
3 152.73 156.13 154.43 3.40 0 1 841.58
4 153.87 152.73 153.30 -1.14 0 1 1192.21
14 157.27 153.87 155.57 -3.40 0 1 1344.48
2 152.73 153.87 153.30 1.14 0 1 1210.30
8 155.00 153.87 154.44 -1.13 0 1 1195.50
1 151.60 155.00 153.30 3.40 0 1 2222.57
6 153.87 157.27 155.57 3.40 1 0 1672.05
16 158.40 155.00 156.70 -3.40 1 0 750.36
9 155.00 156.13 155.57 1.13 1 0 1366.30
12 156.13 155.00 155.57 -1.13 0 1 1767.32
10 155.00 158.40 156.70 3.40 1 0 811.92
13 156.13 157.27 156.70 1.14 1 0 784.33
15 157.27 156.13 156.70 -1.14 1 0 1343.90
11 156.13 152.73 154.43 -3.40 0 1 992.16
7 155.00 151.60 153.30 -3.40 0 1 677.38
2 152.73 153.87 153.30 1.14 0 1 982.81
13 156.13 157.27 156.70 1.14 1 0 1017.64
6 153.87 157.27 155.57 3.40 1 0 728.05
10 155.00 158.40 156.70 3.40 1 0 876.38
12 156.13 155.00 155.57 -1.13 0 1 785.68
3 152.73 156.13 154.43 3.40 0 1 1619.88
9 155.00 156.13 155.57 1.13 1 0 885.95
8 155.00 153.87 154.44 -1.13 0 1 758.24
14 157.27 153.87 155.57 -3.40 0 1 976.10
15 157.27 156.13 156.70 -1.14 1 0 1286.17
11 156.13 152.73 154.43 -3.40 0 1 1032.71
5 153.87 155.00 154.44 1.13 0 1 1306.76
16 158.40 155.00 156.70 -3.40 1 0 882.76
7 155.00 151.60 153.30 -3.40 0 1 841.89
4 153.87 152.73 153.30 -1.14 0 1 671.01
1 151.60 155.00 153.30 3.40 0 1 671.94
7 155.00 151.60 153.30 -3.40 0 1 630.98
11 156.13 152.73 154.43 -3.40 0 1 749.71
12 156.13 155.00 155.57 -1.13 0 1 768.39
9 155.00 156.13 155.57 1.13 1 0 1225.75
3 152.73 156.13 154.43 3.40 0 1 652.17
10 155.00 158.40 156.70 3.40 1 0 784.79
2 152.73 153.87 153.30 1.14 0 1 556.75
4 153.87 152.73 153.30 -1.14 0 1 669.27
6 153.87 157.27 155.57 3.40 1 0 764.02
5 153.87 155.00 154.44 1.13 0 1 558.67
14 157.27 153.87 155.57 -3.40 1 0 922.89
15 157.27 156.13 156.70 -1.14 1 0 777.33
16 158.40 155.00 156.70 -3.40 1 0 530.72
13 156.13 157.27 156.70 1.14 1 0 743.34
8 155.00 153.87 154.44 -1.13 0 1 733.76
1 151.60 155.00 153.30 3.40 0 1 635.96
5 153.87 155.00 154.44 1.13 0 1 742.26
6 153.87 157.27 155.57 3.40 1 0 730.09
11 156.13 152.73 154.43 -3.40 0 1 556.62
15 157.27 156.13 156.70 -1.14 1 0 999.24
8 155.00 153.87 154.44 -1.13 0 1 1262.81
12 156.13 155.00 155.57 -1.13 0 1 1150.12
3 152.73 156.13 154.43 3.40 0 1 856.90
4 153.87 152.73 153.30 -1.14 0 1 1035.07
2 152.73 153.87 153.30 1.14 0 1 653.38
13 156.13 157.27 156.70 1.14 1 0 1032.89
14 157.27 153.87 155.57 -3.40 1 0 784.72
9 155.00 156.13 155.57 1.13 0 1 794.76
7 155.00 151.60 153.30 -3.40 0 1 823.21
1 151.60 155.00 153.30 3.40 0 1 745.29
10 155.00 158.40 156.70 3.40 1 0 634.88
16 158.40 155.00 156.70 -3.40 1 0 747.91
