4 153.87 152.73 153.30 -1.14 0 1 5265.50
12 156.13 155.00 155.57 -1.13 1 0 735.00
2 152.73 153.87 153.30 1.14 0 1 1137.82
10 155.00 158.40 156.70 3.40 1 0 854.97
11 156.13 152.73 154.43 -3.40 1 0 887.84
1 151.60 155.00 153.30 3.40 0 1 797.71
3 152.73 156.13 154.43 3.40 1 0 2049.44
14 157.27 153.87 155.57 -3.40 1 0 1872.54
5 153.87 155.00 154.44 1.13 1 0 1322.11
9 155.00 156.13 155.57 1.13 1 0 1476.71
6 153.87 157.27 155.57 3.40 1 0 1875.17
7 155.00 151.60 153.30 -3.40 1 0 949.94
16 158.40 155.00 156.70 -3.40 1 0 1485.95
13 156.13 157.27 156.70 1.14 1 0 1746.74
15 157.27 156.13 156.70 -1.14 1 0 6795.36
8 155.00 153.87 154.44 -1.13 1 0 758.77
3 152.73 156.13 154.43 3.40 0 1 1284.82
15 157.27 156.13 156.70 -1.14 1 0 1736.41
14 157.27 153.87 155.57 -3.40 1 0 1446.50
8 155.00 153.87 154.44 -1.13 0 1 5683.28
6 153.87 157.27 155.57 3.40 1 0 1184.02
7 155.00 151.60 153.30 -3.40 0 1 2168.20
13 156.13 157.27 156.70 1.14 1 0 1600.19
2 152.73 153.87 153.30 1.14 0 1 5466.31
1 151.60 155.00 153.30 3.40 1 0 1857.36
5 153.87 155.00 154.44 1.13 0 1 3510.23
9 155.00 156.13 155.57 1.13 1 0 1754.49
12 156.13 155.00 155.57 -1.13 1 0 820.30
16 158.40 155.00 156.70 -3.40 1 0 858.22
4 153.87 152.73 153.30 -1.14 1 0 2427.56
10 155.00 158.40 156.70 3.40 1 0 1618.68
11 156.13 152.73 154.43 -3.40 1 0 2486.53
3 152.73 156.13 154.43 3.40 0 1 1502.29
2 152.73 153.87 153.30 1.14 1 0 1900.91
11 156.13 152.73 154.43 -3.40 1 0 1160.55
1 151.60 155.00 153.30 3.40 0 1 1466.64
16 158.40 155.00 156.70 -3.40 1 0 1439.04
9 155.00 156.13 155.57 1.13 1 0 1576.99
7 155.00 151.60 153.30 -3.40 1 0 3305.51
12 156.13 155.00 155.57 -1.13 1 0 2575.39
15 157.27 156.13 156.70 -1.14 1 0 1565.76
10 155.00 158.40 156.70 3.40 1 0 2722.58
13 156.13 157.27 156.70 1.14 1 0 785.26
14 157.27 153.87 155.57 -3.40 1 0 1486.06
4 153.87 152.73 153.30 -1.14 0 1 1018.04
5 153.87 155.00 154.44 1.13 1 0 2607.99
8 155.00 153.87 154.44 -1.13 1 0 1396.55
6 153.87 157.27 155.57 3.40 1 0 1284.11
14 157.27 153.87 155.57 -3.40 1 0 1797.54
10 155.00 158.40 156.70 3.40 1 0 3158.21
5 153.87 155.00 154.44 1.13 0 1 2482.44
2 152.73 153.87 153.30 1.14 1 0 2275.06
6 153.87 157.27 155.57 3.40 1 0 2739.23
3 152.73 156.13 154.43 3.40 1 0 4231.89
9 155.00 156.13 155.57 1.13 1 0 3492.01
11 156.13 152.73 154.43 -3.40 1 0 2079.79
13 156.13 157.27 156.70 1.14 1 0 2330.22
4 153.87 152.73 153.30 -1.14 0 1 1128.85
8 155.00 153.87 154.44 -1.13 1 0 1207.09
15 157.27 156.13 156.70 -1.14 1 0 1980.28
7 155.00 151.60 153.30 -3.40 1 0 1967.70
12 156.13 155.00 155.57 -1.13 1 0 1317.23
1 151.60 155.00 153.30 3.40 0 1 923.97
16 158.40 155.00 156.70 -3.40 1 0 1788.95
15 157.27 156.13 156.70 -1.14 1 0 1082.97
6 153.87 157.27 155.57 3.40 0 1 778.75
4 153.87 152.73 153.30 -1.14 0 1 3388.44
5 153.87 155.00 154.44 1.13 1 0 3558.33
9 155.00 156.13 155.57 1.13 1 0 6556.08
2 152.73 153.87 153.30 1.14 1 0 4502.07
7 155.00 151.60 153.30 -3.40 1 0 2730.40
10 155.00 158.40 156.70 3.40 1 0 1408.51
14 157.27 153.87 155.57 -3.40 1 0 1584.75
16 158.40 155.00 156.70 -3.40 1 0 1910.28
8 155.00 153.87 154.44 -1.13 1 0 2961.28
13 156.13 157.27 156.70 1.14 1 0 2558.51
12 156.13 155.00 155.57 -1.13 0 1 1358.90
3 152.73 156.13 154.43 3.40 0 1 3317.90
11 156.13 152.73 154.43 -3.40 1 0 902.24
1 151.60 155.00 153.30 3.40 0 1 1371.18
10 155.00 158.40 156.70 3.40 1 0 3809.82
14 157.27 153.87 155.57 -3.40 1 0 1082.89
9 155.00 156.13 155.57 1.13 1 0 1890.28
4 153.87 152.73 153.30 -1.14 0 1 5061.90
5 153.87 155.00 154.44 1.13 1 0 1260.06
1 151.60 155.00 153.30 3.40 0 1 1193.64
12 156.13 155.00 155.57 -1.13 1 0 1105.80
15 157.27 156.13 156.70 -1.14 1 0 779.31
8 155.00 153.87 154.44 -1.13 1 0 1571.14
3 152.73 156.13 154.43 3.40 1 0 1889.67
7 155.00 151.60 153.30 -3.40 1 0 1682.10
13 156.13 157.27 156.70 1.14 1 0 2073.15
2 152.73 153.87 153.30 1.14 0 1 1207.25
6 153.87 157.27 155.57 3.40 1 0 2850.59
11 156.13 152.73 154.43 -3.40 1 0 1267.06
16 158.40 155.00 156.70 -3.40 1 0 582.63
5 153.87 155.00 154.44 1.13 0 1 1126.75
6 153.87 157.27 155.57 3.40 1 0 3080.85
2 152.73 153.87 153.30 1.14 0 1 702.50
9 155.00 156.13 155.57 1.13 1 0 1634.19
7 155.00 151.60 153.30 -3.40 1 0 5521.00
15 157.27 156.13 156.70 -1.14 1 0 1415.93
3 152.73 156.13 154.43 3.40 0 1 1894.85
10 155.00 158.40 156.70 3.40 1 0 2084.07
12 156.13 155.00 155.57 -1.13 1 0 2801.56
8 155.00 153.87 154.44 -1.13 1 0 2850.50
14 157.27 153.87 155.57 -3.40 1 0 1201.41
4 153.87 152.73 153.30 -1.14 1 0 4820.70
11 156.13 152.73 154.43 -3.40 1 0 3235.14
1 151.60 155.00 153.30 3.40 0 1 2233.01
13 156.13 157.27 156.70 1.14 1 0 1349.23
16 158.40 155.00 156.70 -3.40 1 0 891.03
11 156.13 152.73 154.43 -3.40 1 0 1720.92
9 155.00 156.13 155.57 1.13 1 0 2889.22
4 153.87 152.73 153.30 -1.14 0 1 1695.94
12 156.13 155.00 155.57 -1.13 1 0 2387.66
14 157.27 153.87 155.57 -3.40 1 0 3378.44
10 155.00 158.40 156.70 3.40 1 0 2027.28
15 157.27 156.13 156.70 -1.14 1 0 1033.15
7 155.00 151.60 153.30 -3.40 1 0 1717.95
5 153.87 155.00 154.44 1.13 1 0 2487.75
2 152.73 153.87 153.30 1.14 0 1 1991.04
16 158.40 155.00 156.70 -3.40 1 0 805.31
6 153.87 157.27 155.57 3.40 0 1 1493.39
1 151.60 155.00 153.30 3.40 0 1 2445.28
13 156.13 157.27 156.70 1.14 1 0 1867.29
3 152.73 156.13 154.43 3.40 0 1 4021.59
8 155.00 153.87 154.44 -1.13 1 0 2416.17
4 153.87 152.73 153.30 -1.14 1 0 3293.57
14 157.27 153.87 155.57 -3.40 1 0 882.52
10 155.00 158.40 156.70 3.40 1 0 1800.31
1 151.60 155.00 153.30 3.40 0 1 1271.57
8 155.00 153.87 154.44 -1.13 1 0 3713.31
2 152.73 153.87 153.30 1.14 1 0 3002.26
3 152.73 156.13 154.43 3.40 1 0 1865.13
16 158.40 155.00 156.70 -3.40 1 0 1691.25
6 153.87 157.27 155.57 3.40 1 0 3024.48
9 155.00 156.13 155.57 1.13 1 0 1741.21
5 153.87 155.00 154.44 1.13 1 0 4384.96
15 157.27 156.13 156.70 -1.14 1 0 1539.58
13 156.13 157.27 156.70 1.14 1 0 1618.17
11 156.13 152.73 154.43 -3.40 1 0 2479.34
7 155.00 151.60 153.30 -3.40 1 0 3929.70
12 156.13 155.00 155.57 -1.13 1 0 2202.64
9 155.00 156.13 155.57 1.13 1 0 2875.03
16 158.40 155.00 156.70 -3.40 1 0 1049.33
4 153.87 152.73 153.30 -1.14 1 0 3053.77
14 157.27 153.87 155.57 -3.40 1 0 1704.30
6 153.87 157.27 155.57 3.40 1 0 1763.73
8 155.00 153.87 154.44 -1.13 1 0 1513.50
2 152.73 153.87 153.30 1.14 1 0 1589.21
13 156.13 157.27 156.70 1.14 1 0 894.64
7 155.00 151.60 153.30 -3.40 1 0 1320.27
5 153.87 155.00 154.44 1.13 0 1 817.00
12 156.13 155.00 155.57 -1.13 1 0 1479.73
11 156.13 152.73 154.43 -3.40 1 0 1572.58
10 155.00 158.40 156.70 3.40 1 0 2168.02
1 151.60 155.00 153.30 3.40 0 1 3416.92
15 157.27 156.13 156.70 -1.14 1 0 1060.95
3 152.73 156.13 154.43 3.40 0 1 2322.45
13 156.13 157.27 156.70 1.14 1 0 1448.38
15 157.27 156.13 156.70 -1.14 1 0 1318.73
12 156.13 155.00 155.57 -1.13 1 0 2771.06
7 155.00 151.60 153.30 -3.40 1 0 3068.30
9 155.00 156.13 155.57 1.13 1 0 3290.04
10 155.00 158.40 156.70 3.40 1 0 4022.23
6 153.87 157.27 155.57 3.40 1 0 1922.23
3 152.73 156.13 154.43 3.40 1 0 1716.60
1 151.60 155.00 153.30 3.40 0 1 2257.69
11 156.13 152.73 154.43 -3.40 1 0 1511.16
2 152.73 153.87 153.30 1.14 0 1 5424.22
4 153.87 152.73 153.30 -1.14 1 0 2643.63
14 157.27 153.87 155.57 -3.40 1 0 1795.39
16 158.40 155.00 156.70 -3.40 1 0 771.21
5 153.87 155.00 154.44 1.13 1 0 2578.90
8 155.00 153.87 154.44 -1.13 1 0 2871.06
10 155.00 158.40 156.70 3.40 1 0 2055.47
6 153.87 157.27 155.57 3.40 0 1 2943.56
16 158.40 155.00 156.70 -3.40 1 0 2121.63
15 157.27 156.13 156.70 -1.14 1 0 1417.77
11 156.13 152.73 154.43 -3.40 1 0 2544.22
12 156.13 155.00 155.57 -1.13 0 1 1485.01
9 155.00 156.13 155.57 1.13 1 0 2418.59
5 153.87 155.00 154.44 1.13 1 0 4162.36
13 156.13 157.27 156.70 1.14 1 0 766.27
2 152.73 153.87 153.30 1.14 0 1 1287.12
4 153.87 152.73 153.30 -1.14 1 0 1463.16
14 157.27 153.87 155.57 -3.40 1 0 2772.03
1 151.60 155.00 153.30 3.40 0 1 2173.84
8 155.00 153.87 154.44 -1.13 1 0 5414.57
7 155.00 151.60 153.30 -3.40 1 0 2262.44
3 152.73 156.13 154.43 3.40 0 1 4282.50
3 152.73 156.13 154.43 3.40 1 0 5127.51
11 156.13 152.73 154.43 -3.40 1 0 2591.81
7 155.00 151.60 153.30 -3.40 0 1 1157.51
13 156.13 157.27 156.70 1.14 1 0 1835.81
12 156.13 155.00 155.57 -1.13 1 0 1993.75
5 153.87 155.00 154.44 1.13 1 0 1924.59
14 157.27 153.87 155.57 -3.40 1 0 914.41
4 153.87 152.73 153.30 -1.14 1 0 804.88
8 155.00 153.87 154.44 -1.13 1 0 2032.81
2 152.73 153.87 153.30 1.14 1 0 2436.16
10 155.00 158.40 156.70 3.40 1 0 5784.31
16 158.40 155.00 156.70 -3.40 1 0 3509.26
15 157.27 156.13 156.70 -1.14 1 0 5781.07
6 153.87 157.27 155.57 3.40 1 0 3307.65
9 155.00 156.13 155.57 1.13 1 0 3325.59
1 151.60 155.00 153.30 3.40 1 0 3273.16
10 155.00 158.40 156.70 3.40 1 0 3198.89
13 156.13 157.27 156.70 1.14 1 0 4428.39
11 156.13 152.73 154.43 -3.40 1 0 3350.95
9 155.00 156.13 155.57 1.13 1 0 3017.49
15 157.27 156.13 156.70 -1.14 1 0 5758.79
6 153.87 157.27 155.57 3.40 1 0 4099.98
5 153.87 155.00 154.44 1.13 1 0 3689.73
1 151.60 155.00 153.30 3.40 0 1 1214.87
2 152.73 153.87 153.30 1.14 0 1 2824.59
3 152.73 156.13 154.43 3.40 1 0 4911.46
8 155.00 153.87 154.44 -1.13 1 0 1251.28
12 156.13 155.00 155.57 -1.13 1 0 4303.91
16 158.40 155.00 156.70 -3.40 1 0 2084.49
7 155.00 151.60 153.30 -3.40 0 1 3465.63
14 157.27 153.87 155.57 -3.40 1 0 1913.97
4 153.87 152.73 153.30 -1.14 1 0 2349.30
3 152.73 156.13 154.43 3.40 0 1 1932.29
5 153.87 155.00 154.44 1.13 1 0 3722.87
6 153.87 157.27 155.57 3.40 1 0 2585.43
9 155.00 156.13 155.57 1.13 1 0 3126.38
16 158.40 155.00 156.70 -3.40 1 0 1234.00
1 151.60 155.00 153.30 3.40 0 1 4862.25
12 156.13 155.00 155.57 -1.13 1 0 4598.33
15 157.27 156.13 156.70 -1.14 1 0 2506.62
14 157.27 153.87 155.57 -3.40 1 0 2861.67
8 155.00 153.87 154.44 -1.13 1 0 3461.49
10 155.00 158.40 156.70 3.40 1 0 1878.87
2 152.73 153.87 153.30 1.14 0 1 5495.05
7 155.00 151.60 153.30 -3.40 1 0 2850.93
13 156.13 157.27 156.70 1.14 1 0 7343.01
4 153.87 152.73 153.30 -1.14 1 0 5249.30
11 156.13 152.73 154.43 -3.40 1 0 1044.60
14 157.27 153.87 155.57 -3.40 1 0 1159.06
12 156.13 155.00 155.57 -1.13 1 0 1355.13
4 153.87 152.73 153.30 -1.14 1 0 1711.53
6 153.87 157.27 155.57 3.40 0 1 3090.32
5 153.87 155.00 154.44 1.13 1 0 919.67
2 152.73 153.87 153.30 1.14 1 0 1796.40
8 155.00 153.87 154.44 -1.13 1 0 1059.11
1 151.60 155.00 153.30 3.40 0 1 4240.28
11 156.13 152.73 154.43 -3.40 1 0 3238.69
9 155.00 156.13 155.57 1.13 1 0 4802.11
7 155.00 151.60 153.30 -3.40 1 0 3992.25
3 152.73 156.13 154.43 3.40 0 1 2011.29
13 156.13 157.27 156.70 1.14 1 0 2728.81
15 157.27 156.13 156.70 -1.14 1 0 2133.76
10 155.00 158.40 156.70 3.40 1 0 3346.21
16 158.40 155.00 156.70 -3.40 1 0 1870.14
14 157.27 153.87 155.57 -3.40 1 0 1982.38
6 153.87 157.27 155.57 3.40 0 1 2159.65
10 155.00 158.40 156.70 3.40 1 0 2289.10
2 152.73 153.87 153.30 1.14 0 1 2066.15
9 155.00 156.13 155.57 1.13 1 0 3028.91
13 156.13 157.27 156.70 1.14 1 0 4090.06
12 156.13 155.00 155.57 -1.13 1 0 2576.14
15 157.27 156.13 156.70 -1.14 1 0 1221.01
7 155.00 151.60 153.30 -3.40 1 0 1706.13
3 152.73 156.13 154.43 3.40 0 1 3454.02
4 153.87 152.73 153.30 -1.14 1 0 2571.81
8 155.00 153.87 154.44 -1.13 1 0 2867.06
11 156.13 152.73 154.43 -3.40 1 0 3284.62
5 153.87 155.00 154.44 1.13 1 0 3689.24
16 158.40 155.00 156.70 -3.40 1 0 1553.22
1 151.60 155.00 153.30 3.40 0 1 2020.96
13 156.13 157.27 156.70 1.14 1 0 1266.02
5 153.87 155.00 154.44 1.13 1 0 5441.94
11 156.13 152.73 154.43 -3.40 1 0 2768.02
8 155.00 153.87 154.44 -1.13 1 0 3860.31
15 157.27 156.13 156.70 -1.14 1 0 1498.49
4 153.87 152.73 153.30 -1.14 1 0 4174.03
6 153.87 157.27 155.57 3.40 1 0 3404.53
10 155.00 158.40 156.70 3.40 1 0 1927.77
2 152.73 153.87 153.30 1.14 0 1 1453.95
1 151.60 155.00 153.30 3.40 1 0 5262.67
7 155.00 151.60 153.30 -3.40 1 0 2493.13
9 155.00 156.13 155.57 1.13 1 0 4775.43
14 157.27 153.87 155.57 -3.40 1 0 1265.49
12 156.13 155.00 155.57 -1.13 1 0 3018.74
16 158.40 155.00 156.70 -3.40 1 0 2607.80
3 152.73 156.13 154.43 3.40 1 0 5041.39
