11 156.13 152.73 154.43 -3.40 0 1 2458.23
7 155.00 151.60 153.30 -3.40 1 0 7519.58
8 155.00 153.87 154.44 -1.13 1 0 1550.30
15 157.27 156.13 156.70 -1.14 1 0 2263.94
1 151.60 155.00 153.30 3.40 0 1 1517.17
3 152.73 156.13 154.43 3.40 0 1 452.93
9 155.00 156.13 155.57 1.13 0 1 1117.11
2 152.73 153.87 153.30 1.14 1 0 1722.80
14 157.27 153.87 155.57 -3.40 0 1 1936.49
5 153.87 155.00 154.44 1.13 0 1 897.31
16 158.40 155.00 156.70 -3.40 0 1 1533.54
10 155.00 158.40 156.70 3.40 1 0 1061.46
13 156.13 157.27 156.70 1.14 1 0 1998.11
4 153.87 152.73 153.30 -1.14 0 1 834.94
12 156.13 155.00 155.57 -1.13 0 1 860.30
6 153.87 157.27 155.57 3.40 0 1 1182.10
7 155.00 151.60 153.30 -3.40 0 1 1894.05
9 155.00 156.13 155.57 1.13 1 0 882.26
14 157.27 153.87 155.57 -3.40 1 0 1773.79
13 156.13 157.27 156.70 1.14 0 1 1335.00
2 152.73 153.87 153.30 1.14 0 1 1293.84
5 153.87 155.00 154.44 1.13 1 0 1113.46
10 155.00 158.40 156.70 3.40 0 1 1006.19
8 155.00 153.87 154.44 -1.13 0 1 1105.92
15 157.27 156.13 156.70 -1.14 0 1 1041.22
12 156.13 155.00 155.57 -1.13 0 1 2092.61
6 153.87 157.27 155.57 3.40 1 0 637.58
1 151.60 155.00 153.30 3.40 1 0 1796.95
4 153.87 152.73 153.30 -1.14 1 0 1665.16
3 152.73 156.13 154.43 3.40 0 1 1132.13
11 156.13 152.73 154.43 -3.40 0 1 1009.85
16 158.40 155.00 156.70 -3.40 0 1 1310.77
4 153.87 152.73 153.30 -1.14 1 0 721.03
12 156.13 155.00 155.57 -1.13 0 1 667.36
10 155.00 158.40 156.70 3.40 0 1 466.15
7 155.00 151.60 153.30 -3.40 1 0 1536.11
9 155.00 156.13 155.57 1.13 0 1 483.47
8 155.00 153.87 154.44 -1.13 0 1 1023.19
11 156.13 152.73 154.43 -3.40 1 0 331.78
6 153.87 157.27 155.57 3.40 0 1 733.00
2 152.73 153.87 153.30 1.14 0 1 1336.25
13 156.13 157.27 156.70 1.14 0 1 839.79
3 152.73 156.13 154.43 3.40 0 1 1327.94
15 157.27 156.13 156.70 -1.14 1 0 415.92
14 157.27 153.87 155.57 -3.40 0 1 758.62
16 158.40 155.00 156.70 -3.40 0 1 975.22
1 151.60 155.00 153.30 3.40 1 0 1238.80
5 153.87 155.00 154.44 1.13 1 0 632.21
14 157.27 153.87 155.57 -3.40 0 1 949.98
13 156.13 157.27 156.70 1.14 1 0 618.87
10 155.00 158.40 156.70 3.40 0 1 1064.86
1 151.60 155.00 153.30 3.40 1 0 748.50
7 155.00 151.60 153.30 -3.40 1 0 1551.92
15 157.27 156.13 156.70 -1.14 1 0 3952.86
11 156.13 152.73 154.43 -3.40 0 1 1910.86
5 153.87 155.00 154.44 1.13 1 0 1551.77
16 158.40 155.00 156.70 -3.40 0 1 894.45
6 153.87 157.27 155.57 3.40 0 1 1022.36
2 152.73 153.87 153.30 1.14 1 0 1308.77
9 155.00 156.13 155.57 1.13 0 1 930.06
12 156.13 155.00 155.57 -1.13 0 1 901.98
3 152.73 156.13 154.43 3.40 0 1 811.24
8 155.00 153.87 154.44 -1.13 1 0 490.93
4 153.87 152.73 153.30 -1.14 1 0 705.05
9 155.00 156.13 155.57 1.13 0 1 916.70
10 155.00 158.40 156.70 3.40 0 1 973.97
15 157.27 156.13 156.70 -1.14 1 0 363.85
11 156.13 152.73 154.43 -3.40 1 0 709.70
7 155.00 151.60 153.30 -3.40 1 0 695.50
12 156.13 155.00 155.57 -1.13 0 1 613.41
13 156.13 157.27 156.70 1.14 0 1 1286.55
2 152.73 153.87 153.30 1.14 1 0 1598.36
3 152.73 156.13 154.43 3.40 0 1 1491.24
5 153.87 155.00 154.44 1.13 0 1 4489.87
14 157.27 153.87 155.57 -3.40 0 1 1982.88
16 158.40 155.00 156.70 -3.40 0 1 1987.85
8 155.00 153.87 154.44 -1.13 1 0 899.26
4 153.87 152.73 153.30 -1.14 1 0 949.56
6 153.87 157.27 155.57 3.40 0 1 856.87
1 151.60 155.00 153.30 3.40 1 0 497.22
2 152.73 153.87 153.30 1.14 0 1 944.55
3 152.73 156.13 154.43 3.40 1 0 614.91
14 157.27 153.87 155.57 -3.40 0 1 706.01
8 155.00 153.87 154.44 -1.13 0 1 422.94
9 155.00 156.13 155.57 1.13 0 1 763.28
5 153.87 155.00 154.44 1.13 1 0 720.18
10 155.00 158.40 156.70 3.40 1 0 637.66
7 155.00 151.60 153.30 -3.40 0 1 578.25
11 156.13 152.73 154.43 -3.40 0 1 779.42
15 157.27 156.13 156.70 -1.14 0 1 625.32
4 153.87 152.73 153.30 -1.14 1 0 943.17
1 151.60 155.00 153.30 3.40 1 0 1843.36
12 156.13 155.00 155.57 -1.13 1 0 1063.66
16 158.40 155.00 156.70 -3.40 0 1 1007.33
6 153.87 157.27 155.57 3.40 0 1 877.47
13 156.13 157.27 156.70 1.14 1 0 1041.03
6 153.87 157.27 155.57 3.40 0 1 583.32
7 155.00 151.60 153.30 -3.40 0 1 492.03
14 157.27 153.87 155.57 -3.40 1 0 919.71
12 156.13 155.00 155.57 -1.13 0 1 725.51
5 153.87 155.00 154.44 1.13 0 1 568.63
1 151.60 155.00 153.30 3.40 1 0 573.22
8 155.00 153.87 154.44 -1.13 1 0 1549.86
15 157.27 156.13 156.70 -1.14 0 1 949.24
9 155.00 156.13 155.57 1.13 0 1 765.53
16 158.40 155.00 156.70 -3.40 0 1 837.47
4 153.87 152.73 153.30 -1.14 1 0 615.72
11 156.13 152.73 154.43 -3.40 0 1 1122.78
10 155.00 158.40 156.70 3.40 1 0 2940.65
2 152.73 153.87 153.30 1.14 1 0 1222.11
3 152.73 156.13 154.43 3.40 1 0 1835.51
13 156.13 157.27 156.70 1.14 0 1 856.38
13 156.13 157.27 156.70 1.14 0 1 777.23
6 153.87 157.27 155.57 3.40 0 1 773.39
2 152.73 153.87 153.30 1.14 1 0 964.55
12 156.13 155.00 155.57 -1.13 0 1 546.89
16 158.40 155.00 156.70 -3.40 1 0 875.93
3 152.73 156.13 154.43 3.40 0 1 656.07
15 157.27 156.13 156.70 -1.14 0 1 546.94
8 155.00 153.87 154.44 -1.13 0 1 1613.95
14 157.27 153.87 155.57 -3.40 0 1 1194.94
4 153.87 152.73 153.30 -1.14 0 1 1723.29
5 153.87 155.00 154.44 1.13 1 0 1386.28
10 155.00 158.40 156.70 3.40 0 1 1206.79
9 155.00 156.13 155.57 1.13 0 1 882.06
1 151.60 155.00 153.30 3.40 1 0 1056.37
11 156.13 152.73 154.43 -3.40 1 0 973.51
7 155.00 151.60 153.30 -3.40 0 1 764.52
7 155.00 151.60 153.30 -3.40 0 1 912.20
13 156.13 157.27 156.70 1.14 0 1 893.77
8 155.00 153.87 154.44 -1.13 0 1 809.13
15 157.27 156.13 156.70 -1.14 0 1 654.40
12 156.13 155.00 155.57 -1.13 0 1 532.88
9 155.00 156.13 155.57 1.13 1 0 332.40
14 157.27 153.87 155.57 -3.40 1 0 399.88
16 158.40 155.00 156.70 -3.40 1 0 782.65
4 153.87 152.73 153.30 -1.14 0 1 762.06
6 153.87 157.27 155.57 3.40 0 1 2745.99
3 152.73 156.13 154.43 3.40 0 1 802.24
10 155.00 158.40 156.70 3.40 0 1 1207.91
11 156.13 152.73 154.43 -3.40 0 1 1750.46
5 153.87 155.00 154.44 1.13 1 0 2111.40
1 151.60 155.00 153.30 3.40 1 0 923.08
2 152.73 153.87 153.30 1.14 1 0 1211.43
6 153.87 157.27 155.57 3.40 0 1 787.28
5 153.87 155.00 154.44 1.13 0 1 1191.91
4 153.87 152.73 153.30 -1.14 0 1 965.00
13 156.13 157.27 156.70 1.14 0 1 812.21
7 155.00 151.60 153.30 -3.40 0 1 799.28
2 152.73 153.87 153.30 1.14 0 1 849.54
3 152.73 156.13 154.43 3.40 0 1 955.93
15 157.27 156.13 156.70 -1.14 0 1 630.35
11 156.13 152.73 154.43 -3.40 0 1 4576.56
9 155.00 156.13 155.57 1.13 1 0 815.57
12 156.13 155.00 155.57 -1.13 0 1 2715.34
14 157.27 153.87 155.57 -3.40 0 1 1900.39
8 155.00 153.87 154.44 -1.13 1 0 768.37
16 158.40 155.00 156.70 -3.40 0 1 593.48
10 155.00 158.40 156.70 3.40 0 1 1176.99
1 151.60 155.00 153.30 3.40 1 0 966.86
7 155.00 151.60 153.30 -3.40 0 1 691.75
15 157.27 156.13 156.70 -1.14 0 1 1368.40
6 153.87 157.27 155.57 3.40 0 1 1050.70
10 155.00 158.40 156.70 3.40 1 0 672.79
5 153.87 155.00 154.44 1.13 0 1 331.95
3 152.73 156.13 154.43 3.40 0 1 876.02
13 156.13 157.27 156.70 1.14 1 0 619.35
16 158.40 155.00 156.70 -3.40 0 1 702.36
14 157.27 153.87 155.57 -3.40 0 1 746.15
2 152.73 153.87 153.30 1.14 0 1 1061.89
9 155.00 156.13 155.57 1.13 0 1 911.61
12 156.13 155.00 155.57 -1.13 0 1 2580.32
4 153.87 152.73 153.30 -1.14 1 0 970.89
8 155.00 153.87 154.44 -1.13 0 1 992.18
11 156.13 152.73 154.43 -3.40 0 1 583.49
1 151.60 155.00 153.30 3.40 1 0 1611.74
13 156.13 157.27 156.70 1.14 0 1 703.22
10 155.00 158.40 156.70 3.40 0 1 827.52
8 155.00 153.87 154.44 -1.13 1 0 851.00
5 153.87 155.00 154.44 1.13 0 1 924.42
4 153.87 152.73 153.30 -1.14 1 0 1100.73
2 152.73 153.87 153.30 1.14 0 1 566.14
12 156.13 155.00 155.57 -1.13 0 1 635.19
14 157.27 153.87 155.57 -3.40 1 0 420.77
16 158.40 155.00 156.70 -3.40 0 1 753.36
11 156.13 152.73 154.43 -3.40 0 1 907.89
6 153.87 157.27 155.57 3.40 1 0 1539.56
9 155.00 156.13 155.57 1.13 0 1 1595.90
15 157.27 156.13 156.70 -1.14 0 1 610.80
7 155.00 151.60 153.30 -3.40 0 1 722.62
3 152.73 156.13 154.43 3.40 0 1 623.91
1 151.60 155.00 153.30 3.40 0 1 850.53
14 157.27 153.87 155.57 -3.40 0 1 637.70
7 155.00 151.60 153.30 -3.40 1 0 1878.00
6 153.87 157.27 155.57 3.40 0 1 1180.64
15 157.27 156.13 156.70 -1.14 1 0 1564.14
8 155.00 153.87 154.44 -1.13 1 0 658.68
5 153.87 155.00 154.44 1.13 1 0 1007.67
2 152.73 153.87 153.30 1.14 1 0 580.51
10 155.00 158.40 156.70 3.40 0 1 1010.04
3 152.73 156.13 154.43 3.40 0 1 645.98
12 156.13 155.00 155.57 -1.13 0 1 651.00
4 153.87 152.73 153.30 -1.14 0 1 871.55
13 156.13 157.27 156.70 1.14 0 1 166.56
11 156.13 152.73 154.43 -3.40 0 1 731.42
9 155.00 156.13 155.57 1.13 1 0 447.41
16 158.40 155.00 156.70 -3.40 0 1 643.38
1 151.60 155.00 153.30 3.40 1 0 1629.36
6 153.87 157.27 155.57 3.40 0 1 748.22
9 155.00 156.13 155.57 1.13 0 1 2383.80
10 155.00 158.40 156.70 3.40 1 0 1627.32
3 152.73 156.13 154.43 3.40 0 1 851.49
15 157.27 156.13 156.70 -1.14 0 1 1183.65
11 156.13 152.73 154.43 -3.40 0 1 715.68
12 156.13 155.00 155.57 -1.13 0 1 1368.40
14 157.27 153.87 155.57 -3.40 0 1 728.23
7 155.00 151.60 153.30 -3.40 1 0 2546.18
13 156.13 157.27 156.70 1.14 1 0 1353.84
4 153.87 152.73 153.30 -1.14 1 0 1259.99
16 158.40 155.00 156.70 -3.40 0 1 5178.68
2 152.73 153.87 153.30 1.14 1 0 905.37
5 153.87 155.00 154.44 1.13 1 0 2227.83
1 151.60 155.00 153.30 3.40 1 0 1207.01
8 155.00 153.87 154.44 -1.13 0 1 2093.58
5 153.87 155.00 154.44 1.13 1 0 838.27
14 157.27 153.87 155.57 -3.40 0 1 1111.05
9 155.00 156.13 155.57 1.13 1 0 1320.26
15 157.27 156.13 156.70 -1.14 1 0 884.74
16 158.40 155.00 156.70 -3.40 0 1 660.10
10 155.00 158.40 156.70 3.40 1 0 2242.62
3 152.73 156.13 154.43 3.40 1 0 818.61
7 155.00 151.60 153.30 -3.40 1 0 2736.01
2 152.73 153.87 153.30 1.14 1 0 730.86
11 156.13 152.73 154.43 -3.40 1 0 1238.50
12 156.13 155.00 155.57 -1.13 1 0 1172.49
4 153.87 152.73 153.30 -1.14 1 0 816.04
6 153.87 157.27 155.57 3.40 1 0 1480.06
8 155.00 153.87 154.44 -1.13 1 0 1336.90
13 156.13 157.27 156.70 1.14 1 0 853.85
1 151.60 155.00 153.30 3.40 0 1 1865.25
13 156.13 157.27 156.70 1.14 0 1 1255.27
4 153.87 152.73 153.30 -1.14 1 0 714.94
3 152.73 156.13 154.43 3.40 1 0 1101.38
11 156.13 152.73 154.43 -3.40 1 0 1040.92
5 153.87 155.00 154.44 1.13 0 1 952.77
9 155.00 156.13 155.57 1.13 1 0 1232.92
15 157.27 156.13 156.70 -1.14 0 1 911.40
2 152.73 153.87 153.30 1.14 1 0 778.92
8 155.00 153.87 154.44 -1.13 1 0 1147.94
10 155.00 158.40 156.70 3.40 0 1 756.62
6 153.87 157.27 155.57 3.40 0 1 703.99
1 151.60 155.00 153.30 3.40 1 0 1468.51
12 156.13 155.00 155.57 -1.13 1 0 1492.83
14 157.27 153.87 155.57 -3.40 0 1 711.74
16 158.40 155.00 156.70 -3.40 0 1 641.59
7 155.00 151.60 153.30 -3.40 0 1 941.44
7 155.00 151.60 153.30 -3.40 0 1 737.35
5 153.87 155.00 154.44 1.13 0 1 1353.90
14 157.27 153.87 155.57 -3.40 1 0 435.96
12 156.13 155.00 155.57 -1.13 0 1 582.85
8 155.00 153.87 154.44 -1.13 0 1 520.81
15 157.27 156.13 156.70 -1.14 0 1 1250.71
4 153.87 152.73 153.30 -1.14 1 0 4245.01
11 156.13 152.73 154.43 -3.40 0 1 860.69
13 156.13 157.27 156.70 1.14 0 1 633.29
3 152.73 156.13 154.43 3.40 1 0 856.20
2 152.73 153.87 153.30 1.14 1 0 594.31
6 153.87 157.27 155.57 3.40 0 1 549.28
1 151.60 155.00 153.30 3.40 1 0 869.55
9 155.00 156.13 155.57 1.13 0 1 717.62
16 158.40 155.00 156.70 -3.40 0 1 767.89
10 155.00 158.40 156.70 3.40 0 1 881.68
15 157.27 156.13 156.70 -1.14 1 0 858.69
8 155.00 153.87 154.44 -1.13 0 1 919.30
13 156.13 157.27 156.70 1.14 0 1 737.02
12 156.13 155.00 155.57 -1.13 0 1 849.20
2 152.73 153.87 153.30 1.14 1 0 1299.19
11 156.13 152.73 154.43 -3.40 1 0 1178.14
1 151.60 155.00 153.30 3.40 1 0 1526.26
9 155.00 156.13 155.57 1.13 1 0 1207.64
3 152.73 156.13 154.43 3.40 1 0 3330.74
4 153.87 152.73 153.30 -1.14 1 0 641.20
14 157.27 153.87 155.57 -3.40 0 1 1668.83
7 155.00 151.60 153.30 -3.40 0 1 891.63
16 158.40 155.00 156.70 -3.40 0 1 990.79
6 153.87 157.27 155.57 3.40 0 1 877.62
10 155.00 158.40 156.70 3.40 1 0 413.36
5 153.87 155.00 154.44 1.13 0 1 892.55
