13 156.13 157.27 156.70 1.14 1 0 957.92
15 157.27 156.13 156.70 -1.14 1 0 713.62
3 152.73 156.13 154.43 3.40 0 1 510.47
10 155.00 158.40 156.70 3.40 1 0 460.37
2 152.73 153.87 153.30 1.14 1 0 730.47
5 153.87 155.00 154.44 1.13 0 1 1136.85
9 155.00 156.13 155.57 1.13 1 0 489.52
16 158.40 155.00 156.70 -3.40 1 0 631.11
8 155.00 153.87 154.44 -1.13 0 1 574.80
7 155.00 151.60 153.30 -3.40 1 0 548.48
11 156.13 152.73 154.43 -3.40 1 0 769.04
14 157.27 153.87 155.57 -3.40 1 0 984.18
12 156.13 155.00 155.57 -1.13 0 1 673.22
4 153.87 152.73 153.30 -1.14 0 1 703.87
1 151.60 155.00 153.30 3.40 0 1 651.95
6 153.87 157.27 155.57 3.40 0 1 925.71
15 157.27 156.13 156.70 -1.14 1 0 1380.61
2 152.73 153.87 153.30 1.14 0 1 413.49
8 155.00 153.87 154.44 -1.13 1 0 550.63
7 155.00 151.60 153.30 -3.40 0 1 260.97
12 156.13 155.00 155.57 -1.13 1 0 477.67
13 156.13 157.27 156.70 1.14 0 1 1002.45
4 153.87 152.73 153.30 -1.14 1 0 431.09
11 156.13 152.73 154.43 -3.40 1 0 716.00
5 153.87 155.00 154.44 1.13 1 0 500.26
3 152.73 156.13 154.43 3.40 0 1 770.36
6 153.87 157.27 155.57 3.40 0 1 465.09
10 155.00 158.40 156.70 3.40 1 0 544.48
9 155.00 156.13 155.57 1.13 1 0 511.92
14 157.27 153.87 155.57 -3.40 1 0 509.71
1 151.60 155.00 153.30 3.40 0 1 529.96
16 158.40 155.00 156.70 -3.40 1 0 559.42
2 152.73 153.87 153.30 1.14 0 1 508.29
8 155.00 153.87 154.44 -1.13 1 0 453.64
3 152.73 156.13 154.43 3.40 1 0 410.30
15 157.27 156.13 156.70 -1.14 0 1 415.61
1 151.60 155.00 153.30 3.40 0 1 503.30
13 156.13 157.27 156.70 1.14 0 1 689.35
14 157.27 153.87 155.57 -3.40 1 0 475.99
7 155.00 151.60 153.30 -3.40 0 1 643.41
5 153.87 155.00 154.44 1.13 1 0 454.04
4 153.87 152.73 153.30 -1.14 0 1 482.40
10 155.00 158.40 156.70 3.40 1 0 320.91
9 155.00 156.13 155.57 1.13 0 1 440.14
6 153.87 157.27 155.57 3.40 1 0 257.81
11 156.13 152.73 154.43 -3.40 0 1 346.12
12 156.13 155.00 155.57 -1.13 1 0 284.49
16 158.40 155.00 156.70 -3.40 1 0 479.07
8 155.00 153.87 154.44 -1.13 0 1 323.77
3 152.73 156.13 154.43 3.40 0 1 299.76
5 153.87 155.00 154.44 1.13 0 1 430.21
7 155.00 151.60 153.30 -3.40 0 1 305.87
10 155.00 158.40 156.70 3.40 1 0 314.46
12 156.13 155.00 155.57 -1.13 0 1 282.89
4 153.87 152.73 153.30 -1.14 1 0 284.64
6 153.87 157.27 155.57 3.40 0 1 417.50
9 155.00 156.13 155.57 1.13 1 0 306.52
2 152.73 153.87 153.30 1.14 0 1 326.46
13 156.13 157.27 156.70 1.14 1 0 301.28
1 151.60 155.00 153.30 3.40 0 1 308.23
15 157.27 156.13 156.70 -1.14 1 0 323.07
11 156.13 152.73 154.43 -3.40 1 0 441.20
16 158.40 155.00 156.70 -3.40 1 0 588.22
14 157.27 153.87 155.57 -3.40 1 0 665.72
15 157.27 156.13 156.70 -1.14 1 0 536.68
13 156.13 157.27 156.70 1.14 1 0 582.69
2 152.73 153.87 153.30 1.14 0 1 327.48
5 153.87 155.00 154.44 1.13 0 1 515.30
6 153.87 157.27 155.57 3.40 0 1 623.81
11 156.13 152.73 154.43 -3.40 0 1 472.86
3 152.73 156.13 154.43 3.40 1 0 639.99
12 156.13 155.00 155.57 -1.13 0 1 466.27
8 155.00 153.87 154.44 -1.13 1 0 483.83
14 157.27 153.87 155.57 -3.40 1 0 508.30
4 153.87 152.73 153.30 -1.14 0 1 550.73
1 151.60 155.00 153.30 3.40 0 1 494.89
9 155.00 156.13 155.57 1.13 1 0 670.97
10 155.00 158.40 156.70 3.40 0 1 437.61
16 158.40 155.00 156.70 -3.40 0 1 406.71
7 155.00 151.60 153.30 -3.40 1 0 589.47
13 156.13 157.27 156.70 1.14 1 0 559.27
2 152.73 153.87 153.30 1.14 0 1 463.53
3 152.73 156.13 154.43 3.40 0 1 579.93
4 153.87 152.73 153.30 -1.14 0 1 531.45
7 155.00 151.60 153.30 -3.40 0 1 603.44
9 155.00 156.13 155.57 1.13 0 1 905.32
11 156.13 152.73 154.43 -3.40 0 1 1100.16
10 155.00 158.40 156.70 3.40 0 1 576.29
5 153.87 155.00 154.44 1.13 0 1 315.08
1 151.60 155.00 153.30 3.40 0 1 332.24
16 158.40 155.00 156.70 -3.40 0 1 290.05
8 155.00 153.87 154.44 -1.13 0 1 475.49
6 153.87 157.27 155.57 3.40 0 1 281.94
15 157.27 156.13 156.70 -1.14 0 1 324.24
12 156.13 155.00 155.57 -1.13 0 1 415.24
14 157.27 153.87 155.57 -3.40 0 1 375.13
11 156.13 152.73 154.43 -3.40 0 1 378.75
4 153.87 152.73 153.30 -1.14 0 1 387.14
7 155.00 151.60 153.30 -3.40 0 1 463.28
8 155.00 153.87 154.44 -1.13 0 1 379.94
16 158.40 155.00 156.70 -3.40 1 0 729.39
3 152.73 156.13 154.43 3.40 0 1 663.45
14 157.27 153.87 155.57 -3.40 0 1 521.74
10 155.00 158.40 156.70 3.40 1 0 681.81
5 153.87 155.00 154.44 1.13 1 0 644.00
13 156.13 157.27 156.70 1.14 0 1 434.62
12 156.13 155.00 155.57 -1.13 1 0 542.33
6 153.87 157.27 155.57 3.40 0 1 374.68
15 157.27 156.13 156.70 -1.14 1 0 706.97
1 151.60 155.00 153.30 3.40 0 1 332.60
2 152.73 153.87 153.30 1.14 0 1 567.24
9 155.00 156.13 155.57 1.13 1 0 553.36
11 156.13 152.73 154.43 -3.40 0 1 575.50
7 155.00 151.60 153.30 -3.40 1 0 342.50
13 156.13 157.27 156.70 1.14 0 1 344.52
12 156.13 155.00 155.57 -1.13 1 0 708.01
16 158.40 155.00 156.70 -3.40 0 1 331.37
9 155.00 156.13 155.57 1.13 1 0 389.01
6 153.87 157.27 155.57 3.40 0 1 615.92
3 152.73 156.13 154.43 3.40 0 1 434.35
10 155.00 158.40 156.70 3.40 1 0 606.85
2 152.73 153.87 153.30 1.14 0 1 595.58
5 153.87 155.00 154.44 1.13 0 1 385.31
8 155.00 153.87 154.44 -1.13 0 1 485.13
14 157.27 153.87 155.57 -3.40 0 1 690.35
15 157.27 156.13 156.70 -1.14 1 0 522.33
4 153.87 152.73 153.30 -1.14 0 1 456.53
1 151.60 155.00 153.30 3.40 1 0 415.31
10 155.00 158.40 156.70 3.40 0 1 314.18
7 155.00 151.60 153.30 -3.40 0 1 476.87
15 157.27 156.13 156.70 -1.14 0 1 448.57
1 151.60 155.00 153.30 3.40 0 1 525.34
8 155.00 153.87 154.44 -1.13 0 1 356.87
13 156.13 157.27 156.70 1.14 0 1 414.99
6 153.87 157.27 155.57 3.40 0 1 385.02
2 152.73 153.87 153.30 1.14 1 0 71582.65
4 153.87 152.73 153.30 -1.14 1 0 2632.05
12 156.13 155.00 155.57 -1.13 0 1 385.83
3 152.73 156.13 154.43 3.40 1 0 562.72
5 153.87 155.00 154.44 1.13 0 1 315.07
11 156.13 152.73 154.43 -3.40 1 0 805.16
9 155.00 156.13 155.57 1.13 1 0 579.56
14 157.27 153.87 155.57 -3.40 1 0 770.69
16 158.40 155.00 156.70 -3.40 1 0 1414.15
4 153.87 152.73 153.30 -1.14 1 0 729.80
3 152.73 156.13 154.43 3.40 1 0 572.38
2 152.73 153.87 153.30 1.14 0 1 804.19
7 155.00 151.60 153.30 -3.40 0 1 554.96
8 155.00 153.87 154.44 -1.13 0 1 421.62
6 153.87 157.27 155.57 3.40 0 1 799.89
12 156.13 155.00 155.57 -1.13 1 0 410.12
10 155.00 158.40 156.70 3.40 0 1 423.72
13 156.13 157.27 156.70 1.14 1 0 395.25
15 157.27 156.13 156.70 -1.14 0 1 406.66
16 158.40 155.00 156.70 -3.40 1 0 434.06
11 156.13 152.73 154.43 -3.40 0 1 401.38
9 155.00 156.13 155.57 1.13 0 1 358.22
14 157.27 153.87 155.57 -3.40 1 0 420.58
5 153.87 155.00 154.44 1.13 0 1 378.89
1 151.60 155.00 153.30 3.40 1 0 330.06
6 153.87 157.27 155.57 3.40 0 1 259.12
7 155.00 151.60 153.30 -3.40 1 0 599.13
5 153.87 155.00 154.44 1.13 0 1 488.58
4 153.87 152.73 153.30 -1.14 1 0 344.14
13 156.13 157.27 156.70 1.14 0 1 335.31
14 157.27 153.87 155.57 -3.40 0 1 394.91
12 156.13 155.00 155.57 -1.13 0 1 683.89
15 157.27 156.13 156.70 -1.14 1 0 522.15
11 156.13 152.73 154.43 -3.40 0 1 340.45
8 155.00 153.87 154.44 -1.13 0 1 361.12
16 158.40 155.00 156.70 -3.40 0 1 440.03
9 155.00 156.13 155.57 1.13 0 1 368.86
10 155.00 158.40 156.70 3.40 0 1 400.64
3 152.73 156.13 154.43 3.40 0 1 485.67
2 152.73 153.87 153.30 1.14 0 1 439.48
1 151.60 155.00 153.30 3.40 0 1 415.41
14 157.27 153.87 155.57 -3.40 0 1 397.69
10 155.00 158.40 156.70 3.40 0 1 471.00
16 158.40 155.00 156.70 -3.40 0 1 424.97
9 155.00 156.13 155.57 1.13 0 1 433.58
8 155.00 153.87 154.44 -1.13 1 0 37737.87
13 156.13 157.27 156.70 1.14 0 1 38415.83
4 153.87 152.73 153.30 -1.14 0 1 38747.25
15 157.27 156.13 156.70 -1.14 1 0 38984.02
12 156.13 155.00 155.57 -1.13 1 0 40591.22
5 153.87 155.00 154.44 1.13 0 1 41243.59
11 156.13 152.73 154.43 -3.40 0 1 41396.39
2 152.73 153.87 153.30 1.14 1 0 41576.64
1 151.60 155.00 153.30 3.40 0 1 2011.54
3 152.73 156.13 154.43 3.40 1 0 12382.56
6 153.87 157.27 155.57 3.40 0 1 12558.99
7 155.00 151.60 153.30 -3.40 0 1 12724.29
4 153.87 152.73 153.30 -1.14 1 0 13599.01
15 157.27 156.13 156.70 -1.14 1 0 13785.29
2 152.73 153.87 153.30 1.14 1 0 13983.06
3 152.73 156.13 154.43 3.40 0 1 0.29
10 155.00 158.40 156.70 3.40 1 0 279.44
12 156.13 155.00 155.57 -1.13 0 1 302.38
14 157.27 153.87 155.57 -3.40 1 0 420.87
16 158.40 155.00 156.70 -3.40 0 1 556.37
13 156.13 157.27 156.70 1.14 1 0 356.17
9 155.00 156.13 155.57 1.13 0 1 331.53
7 155.00 151.60 153.30 -3.40 1 0 318.86
1 151.60 155.00 153.30 3.40 0 1 393.32
6 153.87 157.27 155.57 3.40 0 1 412.44
5 153.87 155.00 154.44 1.13 1 0 392.06
8 155.00 153.87 154.44 -1.13 0 1 371.01
11 156.13 152.73 154.43 -3.40 1 0 245.75
1 151.60 155.00 153.30 3.40 0 1 359.59
14 157.27 153.87 155.57 -3.40 1 0 489.64
9 155.00 156.13 155.57 1.13 0 1 489.21
6 153.87 157.27 155.57 3.40 0 1 534.20
8 155.00 153.87 154.44 -1.13 0 1 505.03
2 152.73 153.87 153.30 1.14 0 1 535.49
4 153.87 152.73 153.30 -1.14 0 1 412.61
11 156.13 152.73 154.43 -3.40 1 0 363.11
3 152.73 156.13 154.43 3.40 0 1 539.57
16 158.40 155.00 156.70 -3.40 0 1 507.94
12 156.13 155.00 155.57 -1.13 0 1 358.57
5 153.87 155.00 154.44 1.13 1 0 408.15
7 155.00 151.60 153.30 -3.40 0 1 599.12
13 156.13 157.27 156.70 1.14 0 1 328.27
15 157.27 156.13 156.70 -1.14 0 1 443.86
10 155.00 158.40 156.70 3.40 0 1 383.20
5 153.87 155.00 154.44 1.13 0 1 333.90
3 152.73 156.13 154.43 3.40 0 1 319.62
4 153.87 152.73 153.30 -1.14 0 1 352.62
14 157.27 153.87 155.57 -3.40 0 1 319.74
2 152.73 153.87 153.30 1.14 0 1 391.24
8 155.00 153.87 154.44 -1.13 0 1 370.12
1 151.60 155.00 153.30 3.40 0 1 328.51
6 153.87 157.27 155.57 3.40 0 1 249.08
16 158.40 155.00 156.70 -3.40 0 1 308.63
9 155.00 156.13 155.57 1.13 0 1 315.57
12 156.13 155.00 155.57 -1.13 0 1 476.07
10 155.00 158.40 156.70 3.40 0 1 336.03
13 156.13 157.27 156.70 1.14 0 1 428.00
15 157.27 156.13 156.70 -1.14 0 1 367.18
11 156.13 152.73 154.43 -3.40 0 1 862.78
7 155.00 151.60 153.30 -3.40 0 1 389.89
2 152.73 153.87 153.30 1.14 0 1 399.85
13 156.13 157.27 156.70 1.14 0 1 662.19
6 153.87 157.27 155.57 3.40 0 1 341.38
10 155.00 158.40 156.70 3.40 0 1 394.86
12 156.13 155.00 155.57 -1.13 0 1 433.73
3 152.73 156.13 154.43 3.40 0 1 400.22
9 155.00 156.13 155.57 1.13 0 1 344.48
8 155.00 153.87 154.44 -1.13 0 1 515.21
14 157.27 153.87 155.57 -3.40 0 1 421.23
15 157.27 156.13 156.70 -1.14 0 1 435.54
11 156.13 152.73 154.43 -3.40 0 1 353.32
5 153.87 155.00 154.44 1.13 0 1 552.35
16 158.40 155.00 156.70 -3.40 0 1 477.23
7 155.00 151.60 153.30 -3.40 0 1 346.73
4 153.87 152.73 153.30 -1.14 0 1 374.79
1 151.60 155.00 153.30 3.40 0 1 464.97
7 155.00 151.60 153.30 -3.40 0 1 407.76
11 156.13 152.73 154.43 -3.40 0 1 373.38
12 156.13 155.00 155.57 -1.13 1 0 424.03
9 155.00 156.13 155.57 1.13 0 1 449.96
3 152.73 156.13 154.43 3.40 0 1 396.08
10 155.00 158.40 156.70 3.40 1 0 344.01
2 152.73 153.87 153.30 1.14 0 1 325.77
4 153.87 152.73 153.30 -1.14 1 0 342.48
6 153.87 157.27 155.57 3.40 0 1 366.26
5 153.87 155.00 154.44 1.13 1 0 403.03
14 157.27 153.87 155.57 -3.40 0 1 481.79
15 157.27 156.13 156.70 -1.14 0 1 467.28
16 158.40 155.00 156.70 -3.40 0 1 387.85
13 156.13 157.27 156.70 1.14 0 1 381.23
8 155.00 153.87 154.44 -1.13 0 1 375.77
1 151.60 155.00 153.30 3.40 0 1 344.80
5 153.87 155.00 154.44 1.13 0 1 484.22
6 153.87 157.27 155.57 3.40 0 1 370.47
11 156.13 152.73 154.43 -3.40 0 1 378.54
15 157.27 156.13 156.70 -1.14 0 1 538.35
8 155.00 153.87 154.44 -1.13 0 1 319.18
12 156.13 155.00 155.57 -1.13 0 1 262.54
3 152.73 156.13 154.43 3.40 0 1 288.27
4 153.87 152.73 153.30 -1.14 0 1 431.88
2 152.73 153.87 153.30 1.14 0 1 559.65
13 156.13 157.27 156.70 1.14 0 1 575.65
14 157.27 153.87 155.57 -3.40 0 1 472.50
9 155.00 156.13 155.57 1.13 0 1 285.78
7 155.00 151.60 153.30 -3.40 0 1 380.66
1 151.60 155.00 153.30 3.40 0 1 542.43
10 155.00 158.40 156.70 3.40 0 1 363.20
16 158.40 155.00 156.70 -3.40 0 1 393.07
