13 156.13 157.27 156.70 1.14 1 0 1001.46
15 157.27 156.13 156.70 -1.14 1 0 824.48
3 152.73 156.13 154.43 3.40 0 1 660.52
10 155.00 158.40 156.70 3.40 1 0 597.01
2 152.73 153.87 153.30 1.14 0 1 528.88
5 153.87 155.00 154.44 1.13 0 1 650.95
9 155.00 156.13 155.57 1.13 1 0 561.20
16 158.40 155.00 156.70 -3.40 1 0 543.06
8 155.00 153.87 154.44 -1.13 0 1 521.80
7 155.00 151.60 153.30 -3.40 0 1 469.00
11 156.13 152.73 154.43 -3.40 0 1 507.17
14 157.27 153.87 155.57 -3.40 0 1 557.61
12 156.13 155.00 155.57 -1.13 0 1 499.95
4 153.87 152.73 153.30 -1.14 0 1 487.22
1 151.60 155.00 153.30 3.40 0 1 497.92
6 153.87 157.27 155.57 3.40 1 0 590.20
15 157.27 156.13 156.70 -1.14 1 0 548.31
2 152.73 153.87 153.30 1.14 0 1 490.53
8 155.00 153.87 154.44 -1.13 0 1 502.21
7 155.00 151.60 153.30 -3.40 0 1 708.00
12 156.13 155.00 155.57 -1.13 1 0 668.92
13 156.13 157.27 156.70 1.14 1 0 488.68
4 153.87 152.73 153.30 -1.14 0 1 442.10
11 156.13 152.73 154.43 -3.40 1 0 671.33
5 153.87 155.00 154.44 1.13 1 0 559.35
3 152.73 156.13 154.43 3.40 0 1 501.55
6 153.87 157.27 155.57 3.40 1 0 490.99
10 155.00 158.40 156.70 3.40 1 0 494.02
9 155.00 156.13 155.57 1.13 1 0 605.01
14 157.27 153.87 155.57 -3.40 1 0 484.82
1 151.60 155.00 153.30 3.40 0 1 465.62
16 158.40 155.00 156.70 -3.40 1 0 559.04
2 152.73 153.87 153.30 1.14 0 1 624.05
8 155.00 153.87 154.44 -1.13 0 1 603.31
3 152.73 156.13 154.43 3.40 0 1 573.47
15 157.27 156.13 156.70 -1.14 1 0 580.80
1 151.60 155.00 153.30 3.40 0 1 511.39
13 156.13 157.27 156.70 1.14 1 0 900.07
14 157.27 153.87 155.57 -3.40 0 1 524.65
7 155.00 151.60 153.30 -3.40 0 1 440.98
5 153.87 155.00 154.44 1.13 1 0 528.76
4 153.87 152.73 153.30 -1.14 0 1 525.63
10 155.00 158.40 156.70 3.40 1 0 479.72
9 155.00 156.13 155.57 1.13 1 0 677.13
6 153.87 157.27 155.57 3.40 1 0 535.52
11 156.13 152.73 154.43 -3.40 0 1 423.70
12 156.13 155.00 155.57 -1.13 0 1 470.36
16 158.40 155.00 156.70 -3.40 1 0 512.41
8 155.00 153.87 154.44 -1.13 0 1 581.52
3 152.73 156.13 154.43 3.40 0 1 619.45
5 153.87 155.00 154.44 1.13 0 1 546.19
7 155.00 151.60 153.30 -3.40 0 1 508.95
10 155.00 158.40 156.70 3.40 1 0 507.91
12 156.13 155.00 155.57 -1.13 0 1 351.74
4 153.87 152.73 153.30 -1.14 0 1 416.96
6 153.87 157.27 155.57 3.40 1 0 584.94
9 155.00 156.13 155.57 1.13 0 1 347.08
2 152.73 153.87 153.30 1.14 0 1 517.68
13 156.13 157.27 156.70 1.14 1 0 555.47
1 151.60 155.00 153.30 3.40 0 1 449.03
15 157.27 156.13 156.70 -1.14 1 0 533.71
11 156.13 152.73 154.43 -3.40 0 1 495.56
16 158.40 155.00 156.70 -3.40 1 0 522.42
14 157.27 153.87 155.57 -3.40 0 1 501.77
15 157.27 156.13 156.70 -1.14 1 0 600.74
13 156.13 157.27 156.70 1.14 1 0 487.66
2 152.73 153.87 153.30 1.14 0 1 459.63
5 153.87 155.00 154.44 1.13 0 1 572.95
6 153.87 157.27 155.57 3.40 0 1 591.07
11 156.13 152.73 154.43 -3.40 0 1 498.03
3 152.73 156.13 154.43 3.40 0 1 644.10
12 156.13 155.00 155.57 -1.13 0 1 495.60
8 155.00 153.87 154.44 -1.13 0 1 575.80
14 157.27 153.87 155.57 -3.40 1 0 972.73
4 153.87 152.73 153.30 -1.14 0 1 473.91
1 151.60 155.00 153.30 3.40 0 1 468.90
9 155.00 156.13 155.57 1.13 1 0 948.31
10 155.00 158.40 156.70 3.40 1 0 511.68
16 158.40 155.00 156.70 -3.40 1 0 879.27
7 155.00 151.60 153.30 -3.40 0 1 544.65
13 156.13 157.27 156.70 1.14 1 0 552.21
2 152.73 153.87 153.30 1.14 0 1 464.05
3 152.73 156.13 154.43 3.40 0 1 564.61
4 153.87 152.73 153.30 -1.14 0 1 487.76
7 155.00 151.60 153.30 -3.40 0 1 688.74
9 155.00 156.13 155.57 1.13 1 0 563.57
11 156.13 152.73 154.43 -3.40 0 1 549.96
10 155.00 158.40 156.70 3.40 1 0 718.59
5 153.87 155.00 154.44 1.13 0 1 530.73
1 151.60 155.00 153.30 3.40 0 1 613.90
16 158.40 155.00 156.70 -3.40 1 0 1003.60
8 155.00 153.87 154.44 -1.13 1 0 817.18
6 153.87 157.27 155.57 3.40 1 0 598.75
15 157.27 156.13 156.70 -1.14 1 0 637.63
12 156.13 155.00 155.57 -1.13 0 1 740.54
14 157.27 153.87 155.57 -3.40 0 1 586.87
11 156.13 152.73 154.43 -3.40 0 1 510.81
4 153.87 152.73 153.30 -1.14 0 1 499.03
7 155.00 151.60 153.30 -3.40 0 1 464.41
8 155.00 153.87 154.44 -1.13 1 0 966.41
16 158.40 155.00 156.70 -3.40 1 0 541.47
3 152.73 156.13 154.43 3.40 0 1 556.07
14 157.27 153.87 155.57 -3.40 0 1 639.81
10 155.00 158.40 156.70 3.40 1 0 712.56
5 153.87 155.00 154.44 1.13 0 1 914.30
13 156.13 157.27 156.70 1.14 1 0 520.88
12 156.13 155.00 155.57 -1.13 0 1 537.30
6 153.87 157.27 155.57 3.40 1 0 528.55
15 157.27 156.13 156.70 -1.14 0 1 900.06
1 151.60 155.00 153.30 3.40 0 1 537.95
2 152.73 153.87 153.30 1.14 0 1 515.72
9 155.00 156.13 155.57 1.13 1 0 570.15
11 156.13 152.73 154.43 -3.40 0 1 580.38
7 155.00 151.60 153.30 -3.40 0 1 503.26
13 156.13 157.27 156.70 1.14 1 0 490.41
12 156.13 155.00 155.57 -1.13 1 0 937.31
16 158.40 155.00 156.70 -3.40 1 0 514.28
9 155.00 156.13 155.57 1.13 1 0 605.90
6 153.87 157.27 155.57 3.40 1 0 535.42
3 152.73 156.13 154.43 3.40 1 0 645.58
10 155.00 158.40 156.70 3.40 1 0 728.20
2 152.73 153.87 153.30 1.14 0 1 544.50
5 153.87 155.00 154.44 1.13 1 0 768.56
8 155.00 153.87 154.44 -1.13 0 1 709.99
14 157.27 153.87 155.57 -3.40 1 0 704.56
15 157.27 156.13 156.70 -1.14 1 0 544.33
4 153.87 152.73 153.30 -1.14 0 1 491.82
1 151.60 155.00 153.30 3.40 0 1 538.68
10 155.00 158.40 156.70 3.40 1 0 510.64
7 155.00 151.60 153.30 -3.40 0 1 579.72
15 157.27 156.13 156.70 -1.14 1 0 520.26
1 151.60 155.00 153.30 3.40 0 1 644.47
8 155.00 153.87 154.44 -1.13 1 0 589.69
13 156.13 157.27 156.70 1.14 1 0 510.68
6 153.87 157.27 155.57 3.40 1 0 913.72
2 152.73 153.87 153.30 1.14 0 1 884.77
4 153.87 152.73 153.30 -1.14 0 1 1017.91
12 156.13 155.00 155.57 -1.13 1 0 708.95
3 152.73 156.13 154.43 3.40 1 0 914.60
5 153.87 155.00 154.44 1.13 1 0 614.68
11 156.13 152.73 154.43 -3.40 1 0 457.37
9 155.00 156.13 155.57 1.13 1 0 517.03
14 157.27 153.87 155.57 -3.40 1 0 494.37
16 158.40 155.00 156.70 -3.40 1 0 542.31
4 153.87 152.73 153.30 -1.14 1 0 798.37
3 152.73 156.13 154.43 3.40 0 1 955.50
2 152.73 153.87 153.30 1.14 0 1 595.66
7 155.00 151.60 153.30 -3.40 1 0 556.57
8 155.00 153.87 154.44 -1.13 1 0 768.50
6 153.87 157.27 155.57 3.40 1 0 510.17
12 156.13 155.00 155.57 -1.13 1 0 635.11
10 155.00 158.40 156.70 3.40 1 0 515.57
13 156.13 157.27 156.70 1.14 1 0 563.45
15 157.27 156.13 156.70 -1.14 1 0 635.80
16 158.40 155.00 156.70 -3.40 1 0 609.35
11 156.13 152.73 154.43 -3.40 1 0 864.98
9 155.00 156.13 155.57 1.13 1 0 542.02
14 157.27 153.87 155.57 -3.40 1 0 614.21
5 153.87 155.00 154.44 1.13 1 0 953.58
1 151.60 155.00 153.30 3.40 0 1 604.64
6 153.87 157.27 155.57 3.40 1 0 542.20
7 155.00 151.60 153.30 -3.40 0 1 483.23
5 153.87 155.00 154.44 1.13 1 0 567.33
4 153.87 152.73 153.30 -1.14 0 1 474.76
13 156.13 157.27 156.70 1.14 1 0 528.97
14 157.27 153.87 155.57 -3.40 1 0 572.90
12 156.13 155.00 155.57 -1.13 0 1 757.38
15 157.27 156.13 156.70 -1.14 1 0 525.34
11 156.13 152.73 154.43 -3.40 1 0 722.12
8 155.00 153.87 154.44 -1.13 0 1 709.73
16 158.40 155.00 156.70 -3.40 1 0 572.37
9 155.00 156.13 155.57 1.13 1 0 535.69
10 155.00 158.40 156.70 3.40 1 0 540.35
3 152.73 156.13 154.43 3.40 0 1 435.67
2 152.73 153.87 153.30 1.14 0 1 593.46
1 151.60 155.00 153.30 3.40 0 1 462.88
14 157.27 153.87 155.57 -3.40 1 0 531.44
10 155.00 158.40 156.70 3.40 1 0 533.04
16 158.40 155.00 156.70 -3.40 1 0 561.93
9 155.00 156.13 155.57 1.13 1 0 474.45
8 155.00 153.87 154.44 -1.13 0 1 633.31
13 156.13 157.27 156.70 1.14 1 0 491.71
4 153.87 152.73 153.30 -1.14 0 1 522.73
15 157.27 156.13 156.70 -1.14 1 0 520.94
12 156.13 155.00 155.57 -1.13 0 1 431.10
5 153.87 155.00 154.44 1.13 1 0 549.15
11 156.13 152.73 154.43 -3.40 0 1 375.58
2 152.73 153.87 153.30 1.14 0 1 507.61
1 151.60 155.00 153.30 3.40 0 1 486.05
3 152.73 156.13 154.43 3.40 0 1 573.22
6 153.87 157.27 155.57 3.40 0 1 863.15
7 155.00 151.60 153.30 -3.40 0 1 558.58
4 153.87 152.73 153.30 -1.14 0 1 801.96
15 157.27 156.13 156.70 -1.14 1 0 511.48
2 152.73 153.87 153.30 1.14 0 1 393.60
3 152.73 156.13 154.43 3.40 0 1 525.55
10 155.00 158.40 156.70 3.40 1 0 478.01
12 156.13 155.00 155.57 -1.13 0 1 525.00
14 157.27 153.87 155.57 -3.40 1 0 532.73
16 158.40 155.00 156.70 -3.40 1 0 513.40
13 156.13 157.27 156.70 1.14 1 0 519.15
9 155.00 156.13 155.57 1.13 0 1 559.70
7 155.00 151.60 153.30 -3.40 0 1 859.14
1 151.60 155.00 153.30 3.40 0 1 520.55
6 153.87 157.27 155.57 3.40 1 0 903.02
5 153.87 155.00 154.44 1.13 1 0 893.07
8 155.00 153.87 154.44 -1.13 0 1 512.18
11 156.13 152.73 154.43 -3.40 0 1 467.53
1 151.60 155.00 153.30 3.40 0 1 478.44
14 157.27 153.87 155.57 -3.40 0 1 1089.44
9 155.00 156.13 155.57 1.13 1 0 483.07
6 153.87 157.27 155.57 3.40 1 0 499.46
8 155.00 153.87 154.44 -1.13 1 0 831.25
2 152.73 153.87 153.30 1.14 1 0 568.52
4 153.87 152.73 153.30 -1.14 1 0 1053.40
11 156.13 152.73 154.43 -3.40 1 0 541.03
3 152.73 156.13 154.43 3.40 1 0 651.26
16 158.40 155.00 156.70 -3.40 1 0 512.19
12 156.13 155.00 155.57 -1.13 1 0 510.45
5 153.87 155.00 154.44 1.13 1 0 550.01
7 155.00 151.60 153.30 -3.40 1 0 575.12
13 156.13 157.27 156.70 1.14 1 0 474.42
15 157.27 156.13 156.70 -1.14 1 0 495.33
10 155.00 158.40 156.70 3.40 1 0 498.68
5 153.87 155.00 154.44 1.13 0 1 517.27
3 152.73 156.13 154.43 3.40 1 0 541.34
4 153.87 152.73 153.30 -1.14 0 1 566.81
14 157.27 153.87 155.57 -3.40 1 0 522.06
2 152.73 153.87 153.30 1.14 0 1 761.22
8 155.00 153.87 154.44 -1.13 1 0 843.20
1 151.60 155.00 153.30 3.40 0 1 544.24
6 153.87 157.27 155.57 3.40 1 0 461.70
16 158.40 155.00 156.70 -3.40 1 0 448.46
9 155.00 156.13 155.57 1.13 1 0 572.71
12 156.13 155.00 155.57 -1.13 0 1 566.98
10 155.00 158.40 156.70 3.40 1 0 527.56
13 156.13 157.27 156.70 1.14 1 0 857.29
15 157.27 156.13 156.70 -1.14 1 0 622.80
11 156.13 152.73 154.43 -3.40 1 0 833.38
7 155.00 151.60 153.30 -3.40 1 0 942.61
2 152.73 153.87 153.30 1.14 0 1 618.74
13 156.13 157.27 156.70 1.14 1 0 498.07
6 153.87 157.27 155.57 3.40 1 0 450.39
10 155.00 158.40 156.70 3.40 1 0 517.71
12 156.13 155.00 155.57 -1.13 0 1 518.85
3 152.73 156.13 154.43 3.40 1 0 524.64
9 155.00 156.13 155.57 1.13 1 0 479.12
8 155.00 153.87 154.44 -1.13 1 0 529.97
14 157.27 153.87 155.57 -3.40 1 0 538.78
15 157.27 156.13 156.70 -1.14 1 0 487.92
11 156.13 152.73 154.43 -3.40 0 1 623.30
5 153.87 155.00 154.44 1.13 1 0 491.14
16 158.40 155.00 156.70 -3.40 1 0 587.88
7 155.00 151.60 153.30 -3.40 0 1 539.61
4 153.87 152.73 153.30 -1.14 0 1 557.46
1 151.60 155.00 153.30 3.40 0 1 771.75
7 155.00 151.60 153.30 -3.40 0 1 517.29
11 156.13 152.73 154.43 -3.40 0 1 492.50
12 156.13 155.00 155.57 -1.13 0 1 433.95
9 155.00 156.13 155.57 1.13 1 0 637.75
3 152.73 156.13 154.43 3.40 1 0 792.73
10 155.00 158.40 156.70 3.40 1 0 554.56
2 152.73 153.87 153.30 1.14 0 1 443.13
4 153.87 152.73 153.30 -1.14 0 1 488.40
6 153.87 157.27 155.57 3.40 1 0 518.27
5 153.87 155.00 154.44 1.13 0 1 811.23
14 157.27 153.87 155.57 -3.40 0 1 568.94
15 157.27 156.13 156.70 -1.14 1 0 604.34
16 158.40 155.00 156.70 -3.40 1 0 514.82
13 156.13 157.27 156.70 1.14 1 0 531.58
8 155.00 153.87 154.44 -1.13 0 1 1055.65
1 151.60 155.00 153.30 3.40 0 1 490.46
5 153.87 155.00 154.44 1.13 1 0 534.71
6 153.87 157.27 155.57 3.40 1 0 521.85
11 156.13 152.73 154.43 -3.40 1 0 753.20
15 157.27 156.13 156.70 -1.14 1 0 501.72
8 155.00 153.87 154.44 -1.13 1 0 1194.02
12 156.13 155.00 155.57 -1.13 0 1 733.04
3 152.73 156.13 154.43 3.40 1 0 793.68
4 153.87 152.73 153.30 -1.14 0 1 956.68
2 152.73 153.87 153.30 1.14 0 1 472.59
13 156.13 157.27 156.70 1.14 1 0 823.10
14 157.27 153.87 155.57 -3.40 0 1 794.18
9 155.00 156.13 155.57 1.13 1 0 598.63
7 155.00 151.60 153.30 -3.40 0 1 500.93
1 151.60 155.00 153.30 3.40 1 0 565.68
10 155.00 158.40 156.70 3.40 0 1 706.33
16 158.40 155.00 156.70 -3.40 1 0 514.03
