11 156.13 152.73 154.43 -3.40 0 1 1093.16
7 155.00 151.60 153.30 -3.40 0 1 4498.88
8 155.00 153.87 154.44 -1.13 1 0 1652.99
15 157.27 156.13 156.70 -1.14 1 0 1361.47
1 151.60 155.00 153.30 3.40 0 1 600.54
3 152.73 156.13 154.43 3.40 0 1 218.34
9 155.00 156.13 155.57 1.13 0 1 1033.28
2 152.73 153.87 153.30 1.14 0 1 446.23
14 157.27 153.87 155.57 -3.40 1 0 860.04
5 153.87 155.00 154.44 1.13 1 0 374.89
16 158.40 155.00 156.70 -3.40 1 0 1022.16
10 155.00 158.40 156.70 3.40 0 1 235.74
13 156.13 157.27 156.70 1.14 0 1 427.49
4 153.87 152.73 153.30 -1.14 1 0 2800.85
12 156.13 155.00 155.57 -1.13 0 1 2010.81
6 153.87 157.27 155.57 3.40 0 1 399.18
7 155.00 151.60 153.30 -3.40 0 1 1715.89
9 155.00 156.13 155.57 1.13 0 1 3078.45
14 157.27 153.87 155.57 -3.40 0 1 863.87
13 156.13 157.27 156.70 1.14 1 0 2226.10
2 152.73 153.87 153.30 1.14 0 1 324.79
5 153.87 155.00 154.44 1.13 0 1 772.56
10 155.00 158.40 156.70 3.40 0 1 230.34
8 155.00 153.87 154.44 -1.13 0 1 1934.25
15 157.27 156.13 156.70 -1.14 1 0 382.80
12 156.13 155.00 155.57 -1.13 0 1 2754.49
6 153.87 157.27 155.57 3.40 0 1 271.45
1 151.60 155.00 153.30 3.40 0 1 305.11
4 153.87 152.73 153.30 -1.14 0 1 261.98
3 152.73 156.13 154.43 3.40 0 1 197.33
11 156.13 152.73 154.43 -3.40 1 0 1383.37
16 158.40 155.00 156.70 -3.40 0 1 1382.84
4 153.87 152.73 153.30 -1.14 0 1 518.88
12 156.13 155.00 155.57 -1.13 0 1 306.44
10 155.00 158.40 156.70 3.40 0 1 2331.06
7 155.00 151.60 153.30 -3.40 0 1 486.58
9 155.00 156.13 155.57 1.13 1 0 332.75
8 155.00 153.87 154.44 -1.13 1 0 2078.53
11 156.13 152.73 154.43 -3.40 0 1 498.77
6 153.87 157.27 155.57 3.40 0 1 271.42
2 152.73 153.87 153.30 1.14 1 0 354.54
13 156.13 157.27 156.70 1.14 0 1 3097.70
3 152.73 156.13 154.43 3.40 0 1 471.83
15 157.27 156.13 156.70 -1.14 0 1 433.22
14 157.27 153.87 155.57 -3.40 0 1 480.96
16 158.40 155.00 156.70 -3.40 0 1 785.26
1 151.60 155.00 153.30 3.40 1 0 369.36
5 153.87 155.00 154.44 1.13 0 1 438.43
14 157.27 153.87 155.57 -3.40 0 1 432.01
13 156.13 157.27 156.70 1.14 0 1 627.37
10 155.00 158.40 156.70 3.40 1 0 3557.00
1 151.60 155.00 153.30 3.40 0 1 433.68
7 155.00 151.60 153.30 -3.40 0 1 168.24
15 157.27 156.13 156.70 -1.14 0 1 320.38
11 156.13 152.73 154.43 -3.40 0 1 560.11
5 153.87 155.00 154.44 1.13 0 1 1176.60
16 158.40 155.00 156.70 -3.40 0 1 497.37
6 153.87 157.27 155.57 3.40 0 1 327.02
2 152.73 153.87 153.30 1.14 1 0 287.46
9 155.00 156.13 155.57 1.13 0 1 2362.95
12 156.13 155.00 155.57 -1.13 0 1 430.84
3 152.73 156.13 154.43 3.40 0 1 370.77
8 155.00 153.87 154.44 -1.13 0 1 430.87
4 153.87 152.73 153.30 -1.14 0 1 340.17
9 155.00 156.13 155.57 1.13 1 0 302.38
10 155.00 158.40 156.70 3.40 1 0 305.91
15 157.27 156.13 156.70 -1.14 1 0 420.81
11 156.13 152.73 154.43 -3.40 1 0 367.08
7 155.00 151.60 153.30 -3.40 1 0 2532.95
12 156.13 155.00 155.57 -1.13 0 1 285.13
13 156.13 157.27 156.70 1.14 0 1 32.76
2 152.73 153.87 153.30 1.14 0 1 325.30
3 152.73 156.13 154.43 3.40 0 1 294.82
5 153.87 155.00 154.44 1.13 0 1 292.18
14 157.27 153.87 155.57 -3.40 1 0 301.45
16 158.40 155.00 156.70 -3.40 1 0 276.95
8 155.00 153.87 154.44 -1.13 1 0 279.01
4 153.87 152.73 153.30 -1.14 0 1 135.09
6 153.87 157.27 155.57 3.40 0 1 321.48
1 151.60 155.00 153.30 3.40 1 0 430.98
2 152.73 153.87 153.30 1.14 1 0 382.22
3 152.73 156.13 154.43 3.40 0 1 739.35
14 157.27 153.87 155.57 -3.40 0 1 1904.90
8 155.00 153.87 154.44 -1.13 0 1 3950.68
9 155.00 156.13 155.57 1.13 0 1 288.64
5 153.87 155.00 154.44 1.13 0 1 248.40
10 155.00 158.40 156.70 3.40 0 1 267.84
7 155.00 151.60 153.30 -3.40 0 1 250.12
11 156.13 152.73 154.43 -3.40 0 1 141.80
15 157.27 156.13 156.70 -1.14 0 1 639.48
4 153.87 152.73 153.30 -1.14 0 1 327.43
1 151.60 155.00 153.30 3.40 1 0 623.79
12 156.13 155.00 155.57 -1.13 0 1 443.49
16 158.40 155.00 156.70 -3.40 1 0 373.69
6 153.87 157.27 155.57 3.40 1 0 265.49
13 156.13 157.27 156.70 1.14 0 1 516.05
6 153.87 157.27 155.57 3.40 0 1 1149.18
7 155.00 151.60 153.30 -3.40 0 1 688.57
14 157.27 153.87 155.57 -3.40 0 1 821.00
12 156.13 155.00 155.57 -1.13 1 0 390.65
5 153.87 155.00 154.44 1.13 0 1 2321.04
1 151.60 155.00 153.30 3.40 1 0 392.21
8 155.00 153.87 154.44 -1.13 1 0 514.87
15 157.27 156.13 156.70 -1.14 0 1 683.63
9 155.00 156.13 155.57 1.13 1 0 2980.75
16 158.40 155.00 156.70 -3.40 1 0 5412.59
4 153.87 152.73 153.30 -1.14 1 0 1646.76
11 156.13 152.73 154.43 -3.40 1 0 1750.04
10 155.00 158.40 156.70 3.40 1 0 1364.94
2 152.73 153.87 153.30 1.14 0 1 984.87
3 152.73 156.13 154.43 3.40 0 1 2065.15
13 156.13 157.27 156.70 1.14 1 0 1043.79
13 156.13 157.27 156.70 1.14 1 0 155.15
6 153.87 157.27 155.57 3.40 0 1 1942.80
2 152.73 153.87 153.30 1.14 1 0 1017.37
12 156.13 155.00 155.57 -1.13 1 0 587.10
16 158.40 155.00 156.70 -3.40 0 1 617.33
3 152.73 156.13 154.43 3.40 0 1 340.11
15 157.27 156.13 156.70 -1.14 1 0 373.12
8 155.00 153.87 154.44 -1.13 0 1 1665.56
14 157.27 153.87 155.57 -3.40 0 1 3424.64
4 153.87 152.73 153.30 -1.14 0 1 893.86
5 153.87 155.00 154.44 1.13 1 0 959.50
10 155.00 158.40 156.70 3.40 1 0 344.65
9 155.00 156.13 155.57 1.13 1 0 1484.71
1 151.60 155.00 153.30 3.40 1 0 3449.72
11 156.13 152.73 154.43 -3.40 0 1 388.77
7 155.00 151.60 153.30 -3.40 0 1 839.30
7 155.00 151.60 153.30 -3.40 0 1 224.52
13 156.13 157.27 156.70 1.14 0 1 862.75
8 155.00 153.87 154.44 -1.13 0 1 1668.08
15 157.27 156.13 156.70 -1.14 0 1 1122.83
12 156.13 155.00 155.57 -1.13 0 1 527.90
9 155.00 156.13 155.57 1.13 0 1 351.77
14 157.27 153.87 155.57 -3.40 1 0 2362.54
16 158.40 155.00 156.70 -3.40 1 0 3071.87
4 153.87 152.73 153.30 -1.14 1 0 5603.80
6 153.87 157.27 155.57 3.40 1 0 8247.89
3 152.73 156.13 154.43 3.40 1 0 342.38
10 155.00 158.40 156.70 3.40 1 0 2664.29
11 156.13 152.73 154.43 -3.40 0 1 318.17
5 153.87 155.00 154.44 1.13 0 1 1324.82
1 151.60 155.00 153.30 3.40 0 1 40.67
2 152.73 153.87 153.30 1.14 0 1 303.80
6 153.87 157.27 155.57 3.40 1 0 2525.78
5 153.87 155.00 154.44 1.13 1 0 659.58
4 153.87 152.73 153.30 -1.14 1 0 198.27
13 156.13 157.27 156.70 1.14 0 1 1544.54
7 155.00 151.60 153.30 -3.40 0 1 464.23
2 152.73 153.87 153.30 1.14 1 0 344.10
3 152.73 156.13 154.43 3.40 0 1 413.70
15 157.27 156.13 156.70 -1.14 1 0 157.83
11 156.13 152.73 154.43 -3.40 0 1 295.80
9 155.00 156.13 155.57 1.13 1 0 328.99
12 156.13 155.00 155.57 -1.13 0 1 347.76
14 157.27 153.87 155.57 -3.40 0 1 209.39
8 155.00 153.87 154.44 -1.13 1 0 558.15
16 158.40 155.00 156.70 -3.40 1 0 318.37
10 155.00 158.40 156.70 3.40 1 0 484.53
1 151.60 155.00 153.30 3.40 0 1 523.10
7 155.00 151.60 153.30 -3.40 0 1 316.82
15 157.27 156.13 156.70 -1.14 0 1 501.89
6 153.87 157.27 155.57 3.40 1 0 405.35
10 155.00 158.40 156.70 3.40 0 1 867.07
5 153.87 155.00 154.44 1.13 0 1 749.39
3 152.73 156.13 154.43 3.40 1 0 2925.56
13 156.13 157.27 156.70 1.14 0 1 1561.58
16 158.40 155.00 156.70 -3.40 1 0 68.07
14 157.27 153.87 155.57 -3.40 0 1 2288.25
2 152.73 153.87 153.30 1.14 1 0 414.00
9 155.00 156.13 155.57 1.13 0 1 2413.29
12 156.13 155.00 155.57 -1.13 1 0 1630.12
4 153.87 152.73 153.30 -1.14 0 1 496.36
8 155.00 153.87 154.44 -1.13 0 1 329.71
11 156.13 152.73 154.43 -3.40 1 0 995.47
1 151.60 155.00 153.30 3.40 0 1 324.29
13 156.13 157.27 156.70 1.14 1 0 536.39
10 155.00 158.40 156.70 3.40 0 1 489.31
8 155.00 153.87 154.44 -1.13 0 1 467.31
5 153.87 155.00 154.44 1.13 1 0 2819.19
4 153.87 152.73 153.30 -1.14 1 0 5407.91
2 152.73 153.87 153.30 1.14 0 1 546.09
12 156.13 155.00 155.57 -1.13 0 1 496.54
14 157.27 153.87 155.57 -3.40 1 0 444.93
16 158.40 155.00 156.70 -3.40 0 1 334.68
11 156.13 152.73 154.43 -3.40 0 1 1851.29
6 153.87 157.27 155.57 3.40 0 1 282.23
9 155.00 156.13 155.57 1.13 0 1 290.02
15 157.27 156.13 156.70 -1.14 0 1 373.05
7 155.00 151.60 153.30 -3.40 1 0 320.55
3 152.73 156.13 154.43 3.40 0 1 1082.68
1 151.60 155.00 153.30 3.40 1 0 247.29
14 157.27 153.87 155.57 -3.40 0 1 269.33
7 155.00 151.60 153.30 -3.40 0 1 272.40
6 153.87 157.27 155.57 3.40 0 1 567.86
15 157.27 156.13 156.70 -1.14 0 1 514.44
8 155.00 153.87 154.44 -1.13 1 0 189.73
5 153.87 155.00 154.44 1.13 0 1 263.07
2 152.73 153.87 153.30 1.14 0 1 457.27
10 155.00 158.40 156.70 3.40 1 0 1596.38
3 152.73 156.13 154.43 3.40 0 1 2042.50
12 156.13 155.00 155.57 -1.13 0 1 326.09
4 153.87 152.73 153.30 -1.14 1 0 193.04
13 156.13 157.27 156.70 1.14 1 0 386.45
11 156.13 152.73 154.43 -3.40 0 1 378.28
9 155.00 156.13 155.57 1.13 0 1 472.61
16 158.40 155.00 156.70 -3.40 1 0 311.24
1 151.60 155.00 153.30 3.40 1 0 714.12
6 153.87 157.27 155.57 3.40 1 0 330.99
9 155.00 156.13 155.57 1.13 0 1 589.43
10 155.00 158.40 156.70 3.40 0 1 339.57
3 152.73 156.13 154.43 3.40 1 0 1372.81
15 157.27 156.13 156.70 -1.14 0 1 1184.01
11 156.13 152.73 154.43 -3.40 0 1 548.04
12 156.13 155.00 155.57 -1.13 1 0 977.82
14 157.27 153.87 155.57 -3.40 0 1 3092.96
7 155.00 151.60 153.30 -3.40 1 0 418.73
13 156.13 157.27 156.70 1.14 0 1 512.71
4 153.87 152.73 153.30 -1.14 0 1 1714.72
16 158.40 155.00 156.70 -3.40 1 0 297.23
2 152.73 153.87 153.30 1.14 0 1 444.99
5 153.87 155.00 154.44 1.13 1 0 462.95
1 151.60 155.00 153.30 3.40 0 1 168.59
8 155.00 153.87 154.44 -1.13 1 0 1418.99
5 153.87 155.00 154.44 1.13 1 0 501.56
14 157.27 153.87 155.57 -3.40 0 1 777.85
9 155.00 156.13 155.57 1.13 1 0 977.85
15 157.27 156.13 156.70 -1.14 0 1 480.90
16 158.40 155.00 156.70 -3.40 1 0 2908.88
10 155.00 158.40 156.70 3.40 1 0 369.48
3 152.73 156.13 154.43 3.40 0 1 450.55
7 155.00 151.60 153.30 -3.40 1 0 301.91
2 152.73 153.87 153.30 1.14 0 1 474.92
11 156.13 152.73 154.43 -3.40 0 1 286.37
12 156.13 155.00 155.57 -1.13 1 0 286.24
4 153.87 152.73 153.30 -1.14 0 1 362.11
6 153.87 157.27 155.57 3.40 1 0 280.25
8 155.00 153.87 154.44 -1.13 0 1 479.20
13 156.13 157.27 156.70 1.14 1 0 577.63
1 151.60 155.00 153.30 3.40 0 1 671.10
13 156.13 157.27 156.70 1.14 1 0 611.31
4 153.87 152.73 153.30 -1.14 0 1 593.70
3 152.73 156.13 154.43 3.40 1 0 412.01
11 156.13 152.73 154.43 -3.40 0 1 2295.96
5 153.87 155.00 154.44 1.13 0 1 412.78
9 155.00 156.13 155.57 1.13 1 0 399.87
15 157.27 156.13 156.70 -1.14 0 1 2188.32
2 152.73 153.87 153.30 1.14 0 1 465.50
8 155.00 153.87 154.44 -1.13 1 0 354.00
10 155.00 158.40 156.70 3.40 0 1 526.23
6 153.87 157.27 155.57 3.40 0 1 2028.56
1 151.60 155.00 153.30 3.40 1 0 320.97
12 156.13 155.00 155.57 -1.13 0 1 25.17
14 157.27 153.87 155.57 -3.40 0 1 415.22
16 158.40 155.00 156.70 -3.40 1 0 339.31
7 155.00 151.60 153.30 -3.40 0 1 410.16
7 155.00 151.60 153.30 -3.40 0 1 367.10
5 153.87 155.00 154.44 1.13 1 0 0.18
14 157.27 153.87 155.57 -3.40 1 0 401.93
12 156.13 155.00 155.57 -1.13 0 1 442.75
8 155.00 153.87 154.44 -1.13 0 1 535.55
15 157.27 156.13 156.70 -1.14 0 1 833.00
4 153.87 152.73 153.30 -1.14 0 1 281.44
11 156.13 152.73 154.43 -3.40 0 1 399.75
13 156.13 157.27 156.70 1.14 1 0 1932.38
3 152.73 156.13 154.43 3.40 0 1 547.93
2 152.73 153.87 153.30 1.14 1 0 468.50
6 153.87 157.27 155.57 3.40 0 1 524.38
1 151.60 155.00 153.30 3.40 1 0 406.15
9 155.00 156.13 155.57 1.13 1 0 395.79
16 158.40 155.00 156.70 -3.40 0 1 2124.70
10 155.00 158.40 156.70 3.40 0 1 652.63
15 157.27 156.13 156.70 -1.14 0 1 1031.33
8 155.00 153.87 154.44 -1.13 0 1 979.72
13 156.13 157.27 156.70 1.14 0 1 3975.87
12 156.13 155.00 155.57 -1.13 0 1 103.56
2 152.73 153.87 153.30 1.14 1 0 1897.11
11 156.13 152.73 154.43 -3.40 1 0 346.50
1 151.60 155.00 153.30 3.40 0 1 0.17
9 155.00 156.13 155.57 1.13 0 1 429.66
3 152.73 156.13 154.43 3.40 0 1 557.90
4 153.87 152.73 153.30 -1.14 1 0 226.75
14 157.27 153.87 155.57 -3.40 0 1 217.05
7 155.00 151.60 153.30 -3.40 0 1 444.67
16 158.40 155.00 156.70 -3.40 0 1 614.34
6 153.87 157.27 155.57 3.40 1 0 2493.80
10 155.00 158.40 156.70 3.40 1 0 3861.08
5 153.87 155.00 154.44 1.13 0 1 477.91
