13 156.13 157.27 156.70 1.14 1 0 901.17
15 157.27 156.13 156.70 -1.14 1 0 828.07
3 152.73 156.13 154.43 3.40 1 0 702.82
10 155.00 158.40 156.70 3.40 1 0 566.13
2 152.73 153.87 153.30 1.14 0 1 454.25
5 153.87 155.00 154.44 1.13 1 0 598.87
9 155.00 156.13 155.57 1.13 1 0 572.76
16 158.40 155.00 156.70 -3.40 1 0 497.13
8 155.00 153.87 154.44 -1.13 1 0 364.85
7 155.00 151.60 153.30 -3.40 0 1 8899.05
11 156.13 152.73 154.43 -3.40 0 1 10787.76
14 157.27 153.87 155.57 -3.40 0 1 15179.77
12 156.13 155.00 155.57 -1.13 0 1 16734.09
4 153.87 152.73 153.30 -1.14 0 1 0.18
1 151.60 155.00 153.30 3.40 1 0 629.94
6 153.87 157.27 155.57 3.40 1 0 480.64
15 157.27 156.13 156.70 -1.14 1 0 8008.44
2 152.73 153.87 153.30 1.14 0 1 78.24
8 155.00 153.87 154.44 -1.13 1 0 449.61
7 155.00 151.60 153.30 -3.40 1 0 495.26
12 156.13 155.00 155.57 -1.13 1 0 645.72
13 156.13 157.27 156.70 1.14 1 0 793.72
4 153.87 152.73 153.30 -1.14 0 1 924.17
11 156.13 152.73 154.43 -3.40 1 0 479.02
5 153.87 155.00 154.44 1.13 1 0 423.79
3 152.73 156.13 154.43 3.40 0 1 706.75
6 153.87 157.27 155.57 3.40 1 0 488.92
10 155.00 158.40 156.70 3.40 1 0 635.51
9 155.00 156.13 155.57 1.13 1 0 661.68
14 157.27 153.87 155.57 -3.40 1 0 469.53
1 151.60 155.00 153.30 3.40 1 0 502.68
16 158.40 155.00 156.70 -3.40 1 0 587.23
2 152.73 153.87 153.30 1.14 1 0 482.15
8 155.00 153.87 154.44 -1.13 1 0 679.87
3 152.73 156.13 154.43 3.40 1 0 562.42
15 157.27 156.13 156.70 -1.14 1 0 546.33
1 151.60 155.00 153.30 3.40 1 0 439.56
13 156.13 157.27 156.70 1.14 1 0 663.00
14 157.27 153.87 155.57 -3.40 1 0 414.94
7 155.00 151.60 153.30 -3.40 1 0 591.47
5 153.87 155.00 154.44 1.13 1 0 455.04
4 153.87 152.73 153.30 -1.14 1 0 552.45
10 155.00 158.40 156.70 3.40 1 0 542.15
9 155.00 156.13 155.57 1.13 1 0 495.64
6 153.87 157.27 155.57 3.40 1 0 461.91
11 156.13 152.73 154.43 -3.40 0 1 622.70
12 156.13 155.00 155.57 -1.13 1 0 645.67
16 158.40 155.00 156.70 -3.40 1 0 406.95
8 155.00 153.87 154.44 -1.13 1 0 647.18
3 152.73 156.13 154.43 3.40 1 0 459.75
5 153.87 155.00 154.44 1.13 1 0 521.19
7 155.00 151.60 153.30 -3.40 1 0 363.43
10 155.00 158.40 156.70 3.40 1 0 378.64
12 156.13 155.00 155.57 -1.13 1 0 543.52
4 153.87 152.73 153.30 -1.14 0 1 970.03
6 153.87 157.27 155.57 3.40 1 0 789.36
9 155.00 156.13 155.57 1.13 0 1 684.39
2 152.73 153.87 153.30 1.14 0 1 568.19
13 156.13 157.27 156.70 1.14 1 0 834.46
1 151.60 155.00 153.30 3.40 1 0 557.35
15 157.27 156.13 156.70 -1.14 1 0 714.45
11 156.13 152.73 154.43 -3.40 1 0 523.50
16 158.40 155.00 156.70 -3.40 1 0 463.55
14 157.27 153.87 155.57 -3.40 1 0 439.92
15 157.27 156.13 156.70 -1.14 1 0 508.29
13 156.13 157.27 156.70 1.14 1 0 473.92
2 152.73 153.87 153.30 1.14 1 0 470.78
5 153.87 155.00 154.44 1.13 1 0 439.73
6 153.87 157.27 155.57 3.40 1 0 468.15
11 156.13 152.73 154.43 -3.40 1 0 521.15
3 152.73 156.13 154.43 3.40 1 0 408.30
12 156.13 155.00 155.57 -1.13 1 0 466.05
8 155.00 153.87 154.44 -1.13 1 0 505.64
14 157.27 153.87 155.57 -3.40 1 0 481.23
4 153.87 152.73 153.30 -1.14 1 0 482.01
1 151.60 155.00 153.30 3.40 1 0 401.69
9 155.00 156.13 155.57 1.13 1 0 413.66
10 155.00 158.40 156.70 3.40 1 0 407.97
16 158.40 155.00 156.70 -3.40 1 0 600.55
7 155.00 151.60 153.30 -3.40 1 0 520.68
13 156.13 157.27 156.70 1.14 1 0 350.16
2 152.73 153.87 153.30 1.14 1 0 478.68
3 152.73 156.13 154.43 3.40 1 0 417.70
4 153.87 152.73 153.30 -1.14 1 0 435.20
7 155.00 151.60 153.30 -3.40 1 0 539.17
9 155.00 156.13 155.57 1.13 1 0 424.00
11 156.13 152.73 154.43 -3.40 1 0 396.13
10 155.00 158.40 156.70 3.40 1 0 377.49
5 153.87 155.00 154.44 1.13 1 0 429.94
1 151.60 155.00 153.30 3.40 1 0 344.90
16 158.40 155.00 156.70 -3.40 1 0 513.82
8 155.00 153.87 154.44 -1.13 1 0 577.43
6 153.87 157.27 155.57 3.40 1 0 424.36
15 157.27 156.13 156.70 -1.14 1 0 440.90
12 156.13 155.00 155.57 -1.13 1 0 390.39
14 157.27 153.87 155.57 -3.40 1 0 571.44
11 156.13 152.73 154.43 -3.40 1 0 596.52
4 153.87 152.73 153.30 -1.14 1 0 364.36
7 155.00 151.60 153.30 -3.40 1 0 358.92
8 155.00 153.87 154.44 -1.13 1 0 393.21
16 158.40 155.00 156.70 -3.40 1 0 502.24
3 152.73 156.13 154.43 3.40 1 0 331.09
14 157.27 153.87 155.57 -3.40 1 0 361.83
10 155.00 158.40 156.70 3.40 1 0 464.84
5 153.87 155.00 154.44 1.13 1 0 654.10
13 156.13 157.27 156.70 1.14 1 0 1034.72
12 156.13 155.00 155.57 -1.13 1 0 576.07
6 153.87 157.27 155.57 3.40 0 1 950.46
15 157.27 156.13 156.70 -1.14 1 0 819.07
1 151.60 155.00 153.30 3.40 1 0 178.32
2 152.73 153.87 153.30 1.14 0 1 691.36
9 155.00 156.13 155.57 1.13 0 1 850.56
11 156.13 152.73 154.43 -3.40 1 0 810.07
7 155.00 151.60 153.30 -3.40 0 1 715.80
13 156.13 157.27 156.70 1.14 1 0 449.59
12 156.13 155.00 155.57 -1.13 1 0 443.45
16 158.40 155.00 156.70 -3.40 1 0 475.82
9 155.00 156.13 155.57 1.13 1 0 452.85
6 153.87 157.27 155.57 3.40 0 1 722.98
3 152.73 156.13 154.43 3.40 1 0 782.70
10 155.00 158.40 156.70 3.40 1 0 561.44
2 152.73 153.87 153.30 1.14 1 0 432.18
5 153.87 155.00 154.44 1.13 1 0 466.58
8 155.00 153.87 154.44 -1.13 1 0 565.99
14 157.27 153.87 155.57 -3.40 1 0 384.51
15 157.27 156.13 156.70 -1.14 1 0 577.84
4 153.87 152.73 153.30 -1.14 1 0 463.56
1 151.60 155.00 153.30 3.40 1 0 397.22
10 155.00 158.40 156.70 3.40 1 0 480.42
7 155.00 151.60 153.30 -3.40 1 0 436.78
15 157.27 156.13 156.70 -1.14 1 0 416.01
1 151.60 155.00 153.30 3.40 1 0 429.72
8 155.00 153.87 154.44 -1.13 1 0 463.65
13 156.13 157.27 156.70 1.14 1 0 445.99
6 153.87 157.27 155.57 3.40 1 0 446.07
2 152.73 153.87 153.30 1.14 1 0 538.00
4 153.87 152.73 153.30 -1.14 1 0 635.60
12 156.13 155.00 155.57 -1.13 1 0 402.96
3 152.73 156.13 154.43 3.40 1 0 372.22
5 153.87 155.00 154.44 1.13 1 0 38.52
11 156.13 152.73 154.43 -3.40 1 0 492.94
9 155.00 156.13 155.57 1.13 1 0 469.02
14 157.27 153.87 155.57 -3.40 1 0 410.01
16 158.40 155.00 156.70 -3.40 1 0 376.01
4 153.87 152.73 153.30 -1.14 1 0 586.10
3 152.73 156.13 154.43 3.40 1 0 500.79
2 152.73 153.87 153.30 1.14 1 0 443.22
7 155.00 151.60 153.30 -3.40 1 0 408.38
8 155.00 153.87 154.44 -1.13 1 0 477.42
6 153.87 157.27 155.57 3.40 1 0 442.70
12 156.13 155.00 155.57 -1.13 1 0 853.35
10 155.00 158.40 156.70 3.40 1 0 395.12
13 156.13 157.27 156.70 1.14 1 0 397.92
15 157.27 156.13 156.70 -1.14 1 0 358.71
16 158.40 155.00 156.70 -3.40 1 0 412.30
11 156.13 152.73 154.43 -3.40 1 0 492.77
9 155.00 156.13 155.57 1.13 1 0 452.59
14 157.27 153.87 155.57 -3.40 1 0 490.75
5 153.87 155.00 154.44 1.13 1 0 454.03
1 151.60 155.00 153.30 3.40 1 0 433.85
6 153.87 157.27 155.57 3.40 1 0 482.24
7 155.00 151.60 153.30 -3.40 1 0 480.17
5 153.87 155.00 154.44 1.13 1 0 419.74
4 153.87 152.73 153.30 -1.14 1 0 531.46
13 156.13 157.27 156.70 1.14 1 0 466.65
14 157.27 153.87 155.57 -3.40 1 0 430.98
12 156.13 155.00 155.57 -1.13 1 0 602.99
15 157.27 156.13 156.70 -1.14 1 0 427.64
11 156.13 152.73 154.43 -3.40 1 0 443.14
8 155.00 153.87 154.44 -1.13 1 0 487.51
16 158.40 155.00 156.70 -3.40 1 0 437.58
9 155.00 156.13 155.57 1.13 1 0 529.92
10 155.00 158.40 156.70 3.40 1 0 927.41
3 152.73 156.13 154.43 3.40 1 0 638.23
2 152.73 153.87 153.30 1.14 1 0 846.48
1 151.60 155.00 153.30 3.40 0 1 708.61
14 157.27 153.87 155.57 -3.40 1 0 881.35
10 155.00 158.40 156.70 3.40 1 0 515.93
16 158.40 155.00 156.70 -3.40 1 0 475.31
9 155.00 156.13 155.57 1.13 1 0 397.91
8 155.00 153.87 154.44 -1.13 1 0 453.80
13 156.13 157.27 156.70 1.14 1 0 421.95
4 153.87 152.73 153.30 -1.14 1 0 409.60
15 157.27 156.13 156.70 -1.14 1 0 739.21
12 156.13 155.00 155.57 -1.13 1 0 505.05
5 153.87 155.00 154.44 1.13 1 0 434.46
11 156.13 152.73 154.43 -3.40 1 0 449.63
2 152.73 153.87 153.30 1.14 1 0 440.14
1 151.60 155.00 153.30 3.40 0 1 528.01
3 152.73 156.13 154.43 3.40 0 1 524.10
6 153.87 157.27 155.57 3.40 1 0 832.50
7 155.00 151.60 153.30 -3.40 1 0 727.57
4 153.87 152.73 153.30 -1.14 1 0 151.41
15 157.27 156.13 156.70 -1.14 1 0 484.45
2 152.73 153.87 153.30 1.14 0 1 775.41
3 152.73 156.13 154.43 3.40 0 1 722.92
10 155.00 158.40 156.70 3.40 1 0 599.64
12 156.13 155.00 155.57 -1.13 1 0 503.78
14 157.27 153.87 155.57 -3.40 1 0 433.21
16 158.40 155.00 156.70 -3.40 1 0 484.44
13 156.13 157.27 156.70 1.14 1 0 425.17
9 155.00 156.13 155.57 1.13 1 0 554.63
7 155.00 151.60 153.30 -3.40 1 0 503.75
1 151.60 155.00 153.30 3.40 1 0 447.41
6 153.87 157.27 155.57 3.40 1 0 590.54
5 153.87 155.00 154.44 1.13 1 0 562.31
8 155.00 153.87 154.44 -1.13 1 0 505.15
11 156.13 152.73 154.43 -3.40 1 0 542.46
1 151.60 155.00 153.30 3.40 1 0 413.05
14 157.27 153.87 155.57 -3.40 1 0 501.06
9 155.00 156.13 155.57 1.13 1 0 443.41
6 153.87 157.27 155.57 3.40 1 0 390.33
8 155.00 153.87 154.44 -1.13 1 0 504.95
2 152.73 153.87 153.30 1.14 1 0 487.11
4 153.87 152.73 153.30 -1.14 1 0 745.16
11 156.13 152.73 154.43 -3.40 1 0 440.77
3 152.73 156.13 154.43 3.40 1 0 585.22
16 158.40 155.00 156.70 -3.40 1 0 440.22
12 156.13 155.00 155.57 -1.13 1 0 558.06
5 153.87 155.00 154.44 1.13 1 0 378.46
7 155.00 151.60 153.30 -3.40 1 0 459.51
13 156.13 157.27 156.70 1.14 1 0 455.29
15 157.27 156.13 156.70 -1.14 1 0 420.08
10 155.00 158.40 156.70 3.40 1 0 527.81
5 153.87 155.00 154.44 1.13 1 0 612.99
3 152.73 156.13 154.43 3.40 1 0 488.22
4 153.87 152.73 153.30 -1.14 1 0 393.77
14 157.27 153.87 155.57 -3.40 1 0 630.18
2 152.73 153.87 153.30 1.14 1 0 472.16
8 155.00 153.87 154.44 -1.13 1 0 537.72
1 151.60 155.00 153.30 3.40 1 0 449.41
6 153.87 157.27 155.57 3.40 1 0 486.58
16 158.40 155.00 156.70 -3.40 1 0 549.09
9 155.00 156.13 155.57 1.13 1 0 561.42
12 156.13 155.00 155.57 -1.13 1 0 413.24
10 155.00 158.40 156.70 3.40 1 0 471.12
13 156.13 157.27 156.70 1.14 1 0 440.44
15 157.27 156.13 156.70 -1.14 1 0 456.27
11 156.13 152.73 154.43 -3.40 1 0 474.50
7 155.00 151.60 153.30 -3.40 1 0 392.67
2 152.73 153.87 153.30 1.14 1 0 521.58
13 156.13 157.27 156.70 1.14 1 0 659.80
6 153.87 157.27 155.57 3.40 1 0 437.95
10 155.00 158.40 156.70 3.40 1 0 405.95
12 156.13 155.00 155.57 -1.13 1 0 651.49
3 152.73 156.13 154.43 3.40 1 0 359.37
9 155.00 156.13 155.57 1.13 1 0 410.68
8 155.00 153.87 154.44 -1.13 1 0 397.05
14 157.27 153.87 155.57 -3.40 1 0 393.30
15 157.27 156.13 156.70 -1.14 1 0 361.20
11 156.13 152.73 154.43 -3.40 1 0 411.97
5 153.87 155.00 154.44 1.13 1 0 572.14
16 158.40 155.00 156.70 -3.40 1 0 428.32
7 155.00 151.60 153.30 -3.40 1 0 555.57
4 153.87 152.73 153.30 -1.14 1 0 440.63
1 151.60 155.00 153.30 3.40 1 0 440.83
7 155.00 151.60 153.30 -3.40 1 0 536.21
11 156.13 152.73 154.43 -3.40 1 0 482.48
12 156.13 155.00 155.57 -1.13 1 0 514.63
9 155.00 156.13 155.57 1.13 1 0 675.01
3 152.73 156.13 154.43 3.40 1 0 408.52
10 155.00 158.40 156.70 3.40 1 0 490.54
2 152.73 153.87 153.30 1.14 1 0 417.74
4 153.87 152.73 153.30 -1.14 1 0 410.47
6 153.87 157.27 155.57 3.40 1 0 446.48
5 153.87 155.00 154.44 1.13 1 0 609.62
14 157.27 153.87 155.57 -3.40 1 0 396.95
15 157.27 156.13 156.70 -1.14 1 0 415.89
16 158.40 155.00 156.70 -3.40 1 0 454.58
13 156.13 157.27 156.70 1.14 1 0 453.50
8 155.00 153.87 154.44 -1.13 1 0 479.86
1 151.60 155.00 153.30 3.40 1 0 454.77
5 153.87 155.00 154.44 1.13 1 0 383.07
6 153.87 157.27 155.57 3.40 1 0 430.97
11 156.13 152.73 154.43 -3.40 1 0 403.18
15 157.27 156.13 156.70 -1.14 1 0 594.20
8 155.00 153.87 154.44 -1.13 1 0 490.72
12 156.13 155.00 155.57 -1.13 1 0 730.83
3 152.73 156.13 154.43 3.40 1 0 427.03
4 153.87 152.73 153.30 -1.14 1 0 649.08
2 152.73 153.87 153.30 1.14 1 0 384.67
13 156.13 157.27 156.70 1.14 1 0 500.47
14 157.27 153.87 155.57 -3.40 1 0 378.54
9 155.00 156.13 155.57 1.13 1 0 634.15
7 155.00 151.60 153.30 -3.40 1 0 485.72
1 151.60 155.00 153.30 3.40 1 0 427.04
10 155.00 158.40 156.70 3.40 1 0 460.83
16 158.40 155.00 156.70 -3.40 1 0 516.11
