14 157.27 153.87 155.57 -3.40 0 1 1644.38
7 155.00 151.60 153.30 -3.40 1 0 870.43
10 155.00 158.40 156.70 3.40 1 0 2419.79
15 157.27 156.13 156.70 -1.14 1 0 1683.55
11 156.13 152.73 154.43 -3.40 1 0 3709.23
4 153.87 152.73 153.30 -1.14 1 0 331.20
2 152.73 153.87 153.30 1.14 0 1 1251.71
13 156.13 157.27 156.70 1.14 1 0 1768.26
8 155.00 153.87 154.44 -1.13 0 1 3411.44
12 156.13 155.00 155.57 -1.13 1 0 1386.14
16 158.40 155.00 156.70 -3.40 1 0 2114.15
5 153.87 155.00 154.44 1.13 1 0 1509.51
9 155.00 156.13 155.57 1.13 1 0 1080.56
3 152.73 156.13 154.43 3.40 0 1 1395.59
6 153.87 157.27 155.57 3.40 1 0 2916.15
1 151.60 155.00 153.30 3.40 0 1 2118.73
11 156.13 152.73 154.43 -3.40 1 0 1083.00
8 155.00 153.87 154.44 -1.13 1 0 2293.01
3 152.73 156.13 154.43 3.40 0 1 1570.77
13 156.13 157.27 156.70 1.14 1 0 2367.50
6 153.87 157.27 155.57 3.40 0 1 1642.73
5 153.87 155.00 154.44 1.13 1 0 1104.76
7 155.00 151.60 153.30 -3.40 1 0 1726.79
9 155.00 156.13 155.57 1.13 1 0 996.83
15 157.27 156.13 156.70 -1.14 1 0 502.44
12 156.13 155.00 155.57 -1.13 0 1 676.43
2 152.73 153.87 153.30 1.14 1 0 824.61
1 151.60 155.00 153.30 3.40 1 0 868.78
10 155.00 158.40 156.70 3.40 1 0 461.84
14 157.27 153.87 155.57 -3.40 1 0 655.06
16 158.40 155.00 156.70 -3.40 0 1 1114.34
4 153.87 152.73 153.30 -1.14 1 0 3136.02
5 153.87 155.00 154.44 1.13 0 1 1012.27
14 157.27 153.87 155.57 -3.40 1 0 1222.35
10 155.00 158.40 156.70 3.40 1 0 1084.20
9 155.00 156.13 155.57 1.13 0 1 788.42
13 156.13 157.27 156.70 1.14 1 0 901.61
4 153.87 152.73 153.30 -1.14 1 0 772.89
8 155.00 153.87 154.44 -1.13 1 0 1187.25
7 155.00 151.60 153.30 -3.40 0 1 1091.45
15 157.27 156.13 156.70 -1.14 0 1 966.03
11 156.13 152.73 154.43 -3.40 0 1 1900.57
12 156.13 155.00 155.57 -1.13 1 0 1166.03
6 153.87 157.27 155.57 3.40 1 0 790.86
3 152.73 156.13 154.43 3.40 1 0 949.12
2 152.73 153.87 153.30 1.14 0 1 937.35
1 151.60 155.00 153.30 3.40 0 1 1209.64
16 158.40 155.00 156.70 -3.40 0 1 6225.36
9 155.00 156.13 155.57 1.13 0 1 1364.61
5 153.87 155.00 154.44 1.13 1 0 1244.13
3 152.73 156.13 154.43 3.40 1 0 830.87
10 155.00 158.40 156.70 3.40 0 1 1661.25
12 156.13 155.00 155.57 -1.13 0 1 1413.41
2 152.73 153.87 153.30 1.14 1 0 1118.25
11 156.13 152.73 154.43 -3.40 1 0 1658.25
4 153.87 152.73 153.30 -1.14 0 1 1732.88
15 157.27 156.13 156.70 -1.14 1 0 864.83
8 155.00 153.87 154.44 -1.13 1 0 3333.33
14 157.27 153.87 155.57 -3.40 0 1 1613.22
7 155.00 151.60 153.30 -3.40 0 1 952.69
6 153.87 157.27 155.57 3.40 1 0 671.20
13 156.13 157.27 156.70 1.14 1 0 700.84
1 151.60 155.00 153.30 3.40 1 0 200.28
16 158.40 155.00 156.70 -3.40 0 1 775.96
2 152.73 153.87 153.30 1.14 0 1 685.72
8 155.00 153.87 154.44 -1.13 0 1 764.08
10 155.00 158.40 156.70 3.40 1 0 509.44
11 156.13 152.73 154.43 -3.40 1 0 3143.56
12 156.13 155.00 155.57 -1.13 1 0 579.37
7 155.00 151.60 153.30 -3.40 1 0 256.38
3 152.73 156.13 154.43 3.40 1 0 660.48
16 158.40 155.00 156.70 -3.40 1 0 869.00
5 153.87 155.00 154.44 1.13 1 0 874.70
15 157.27 156.13 156.70 -1.14 1 0 796.27
4 153.87 152.73 153.30 -1.14 1 0 452.85
6 153.87 157.27 155.57 3.40 1 0 370.72
1 151.60 155.00 153.30 3.40 1 0 673.40
13 156.13 157.27 156.70 1.14 1 0 595.73
14 157.27 153.87 155.57 -3.40 1 0 473.89
9 155.00 156.13 155.57 1.13 1 0 1287.39
5 153.87 155.00 154.44 1.13 0 1 1373.46
12 156.13 155.00 155.57 -1.13 1 0 462.58
15 157.27 156.13 156.70 -1.14 0 1 923.58
10 155.00 158.40 156.70 3.40 1 0 641.32
4 153.87 152.73 153.30 -1.14 1 0 689.35
2 152.73 153.87 153.30 1.14 1 0 740.54
14 157.27 153.87 155.57 -3.40 1 0 2264.46
11 156.13 152.73 154.43 -3.40 1 0 669.14
13 156.13 157.27 156.70 1.14 0 1 432.42
7 155.00 151.60 153.30 -3.40 0 1 308.86
16 158.40 155.00 156.70 -3.40 0 1 632.01
6 153.87 157.27 155.57 3.40 0 1 658.69
9 155.00 156.13 155.57 1.13 0 1 419.28
8 155.00 153.87 154.44 -1.13 1 0 622.12
3 152.73 156.13 154.43 3.40 1 0 415.84
1 151.60 155.00 153.30 3.40 1 0 616.98
2 152.73 153.87 153.30 1.14 0 1 489.27
13 156.13 157.27 156.70 1.14 0 1 1205.08
8 155.00 153.87 154.44 -1.13 1 0 528.02
7 155.00 151.60 153.30 -3.40 1 0 686.18
6 153.87 157.27 155.57 3.40 1 0 366.76
9 155.00 156.13 155.57 1.13 1 0 607.25
12 156.13 155.00 155.57 -1.13 1 0 1171.76
14 157.27 153.87 155.57 -3.40 0 1 528.90
11 156.13 152.73 154.43 -3.40 0 1 0.19
16 158.40 155.00 156.70 -3.40 0 1 551.30
10 155.00 158.40 156.70 3.40 0 1 629.74
5 153.87 155.00 154.44 1.13 0 1 750.22
4 153.87 152.73 153.30 -1.14 1 0 845.35
15 157.27 156.13 156.70 -1.14 1 0 517.15
3 152.73 156.13 154.43 3.40 1 0 814.47
1 151.60 155.00 153.30 3.40 1 0 1789.73
13 156.13 157.27 156.70 1.14 1 0 614.74
3 152.73 156.13 154.43 3.40 1 0 419.83
8 155.00 153.87 154.44 -1.13 0 1 339.98
5 153.87 155.00 154.44 1.13 0 1 747.16
7 155.00 151.60 153.30 -3.40 0 1 717.81
11 156.13 152.73 154.43 -3.40 1 0 3572.38
4 153.87 152.73 153.30 -1.14 1 0 1054.53
6 153.87 157.27 155.57 3.40 1 0 664.62
14 157.27 153.87 155.57 -3.40 1 0 733.32
16 158.40 155.00 156.70 -3.40 0 1 3004.30
10 155.00 158.40 156.70 3.40 0 1 2711.96
15 157.27 156.13 156.70 -1.14 1 0 638.17
12 156.13 155.00 155.57 -1.13 1 0 972.65
9 155.00 156.13 155.57 1.13 1 0 692.83
2 152.73 153.87 153.30 1.14 0 1 774.83
1 151.60 155.00 153.30 3.40 0 1 638.45
15 157.27 156.13 156.70 -1.14 1 0 743.53
11 156.13 152.73 154.43 -3.40 1 0 794.17
1 151.60 155.00 153.30 3.40 1 0 965.21
4 153.87 152.73 153.30 -1.14 1 0 2847.27
8 155.00 153.87 154.44 -1.13 1 0 867.23
3 152.73 156.13 154.43 3.40 1 0 858.46
12 156.13 155.00 155.57 -1.13 1 0 5745.39
6 153.87 157.27 155.57 3.40 0 1 978.67
13 156.13 157.27 156.70 1.14 1 0 847.01
2 152.73 153.87 153.30 1.14 0 1 658.47
10 155.00 158.40 156.70 3.40 1 0 747.64
5 153.87 155.00 154.44 1.13 0 1 504.25
14 157.27 153.87 155.57 -3.40 1 0 2859.72
9 155.00 156.13 155.57 1.13 0 1 1245.84
7 155.00 151.60 153.30 -3.40 1 0 890.37
16 158.40 155.00 156.70 -3.40 0 1 981.82
16 158.40 155.00 156.70 -3.40 1 0 1952.90
3 152.73 156.13 154.43 3.40 0 1 744.16
4 153.87 152.73 153.30 -1.14 1 0 752.74
1 151.60 155.00 153.30 3.40 1 0 552.57
10 155.00 158.40 156.70 3.40 1 0 784.14
7 155.00 151.60 153.30 -3.40 0 1 810.63
14 157.27 153.87 155.57 -3.40 1 0 560.51
9 155.00 156.13 155.57 1.13 0 1 505.11
8 155.00 153.87 154.44 -1.13 1 0 715.93
15 157.27 156.13 156.70 -1.14 1 0 437.65
2 152.73 153.87 153.30 1.14 1 0 1001.83
11 156.13 152.73 154.43 -3.40 0 1 576.77
5 153.87 155.00 154.44 1.13 0 1 690.96
12 156.13 155.00 155.57 -1.13 1 0 685.47
6 153.87 157.27 155.57 3.40 1 0 874.55
13 156.13 157.27 156.70 1.14 0 1 609.73
10 155.00 158.40 156.70 3.40 0 1 540.82
12 156.13 155.00 155.57 -1.13 1 0 695.34
13 156.13 157.27 156.70 1.14 0 1 746.61
2 152.73 153.87 153.30 1.14 1 0 441.45
15 157.27 156.13 156.70 -1.14 1 0 919.35
8 155.00 153.87 154.44 -1.13 1 0 613.79
3 152.73 156.13 154.43 3.40 0 1 722.66
14 157.27 153.87 155.57 -3.40 0 1 641.19
7 155.00 151.60 153.30 -3.40 1 0 812.63
5 153.87 155.00 154.44 1.13 0 1 3949.79
6 153.87 157.27 155.57 3.40 1 0 542.06
4 153.87 152.73 153.30 -1.14 1 0 855.36
11 156.13 152.73 154.43 -3.40 0 1 611.93
9 155.00 156.13 155.57 1.13 1 0 683.74
16 158.40 155.00 156.70 -3.40 0 1 1657.46
1 151.60 155.00 153.30 3.40 1 0 1541.87
9 155.00 156.13 155.57 1.13 0 1 1011.26
4 153.87 152.73 153.30 -1.14 1 0 886.63
6 153.87 157.27 155.57 3.40 1 0 1218.28
2 152.73 153.87 153.30 1.14 1 0 1049.38
12 156.13 155.00 155.57 -1.13 0 1 1016.13
13 156.13 157.27 156.70 1.14 1 0 626.95
15 157.27 156.13 156.70 -1.14 1 0 772.77
14 157.27 153.87 155.57 -3.40 1 0 826.88
10 155.00 158.40 156.70 3.40 1 0 932.38
3 152.73 156.13 154.43 3.40 1 0 626.59
1 151.60 155.00 153.30 3.40 0 1 837.64
7 155.00 151.60 153.30 -3.40 1 0 471.66
5 153.87 155.00 154.44 1.13 0 1 759.43
16 158.40 155.00 156.70 -3.40 1 0 1386.78
11 156.13 152.73 154.43 -3.40 1 0 651.36
8 155.00 153.87 154.44 -1.13 1 0 3465.21
15 157.27 156.13 156.70 -1.14 1 0 717.23
1 151.60 155.00 153.30 3.40 0 1 680.49
10 155.00 158.40 156.70 3.40 0 1 2522.38
13 156.13 157.27 156.70 1.14 1 0 583.64
4 153.87 152.73 153.30 -1.14 1 0 506.60
12 156.13 155.00 155.57 -1.13 0 1 458.14
6 153.87 157.27 155.57 3.40 0 1 972.83
5 153.87 155.00 154.44 1.13 1 0 809.50
7 155.00 151.60 153.30 -3.40 1 0 1343.51
14 157.27 153.87 155.57 -3.40 1 0 677.46
16 158.40 155.00 156.70 -3.40 1 0 816.68
11 156.13 152.73 154.43 -3.40 1 0 961.66
8 155.00 153.87 154.44 -1.13 1 0 1076.83
3 152.73 156.13 154.43 3.40 1 0 1693.49
2 152.73 153.87 153.30 1.14 0 1 774.17
9 155.00 156.13 155.57 1.13 0 1 2874.96
9 155.00 156.13 155.57 1.13 0 1 1019.99
2 152.73 153.87 153.30 1.14 0 1 1495.21
15 157.27 156.13 156.70 -1.14 1 0 2268.72
14 157.27 153.87 155.57 -3.40 0 1 1611.13
8 155.00 153.87 154.44 -1.13 1 0 2944.27
13 156.13 157.27 156.70 1.14 1 0 3480.12
3 152.73 156.13 154.43 3.40 1 0 680.51
10 155.00 158.40 156.70 3.40 1 0 1339.68
5 153.87 155.00 154.44 1.13 0 1 864.34
4 153.87 152.73 153.30 -1.14 1 0 540.81
6 153.87 157.27 155.57 3.40 1 0 411.09
16 158.40 155.00 156.70 -3.40 1 0 636.01
12 156.13 155.00 155.57 -1.13 1 0 1000.17
7 155.00 151.60 153.30 -3.40 1 0 593.94
11 156.13 152.73 154.43 -3.40 1 0 322.87
1 151.60 155.00 153.30 3.40 1 0 528.06
11 156.13 152.73 154.43 -3.40 1 0 653.54
9 155.00 156.13 155.57 1.13 1 0 385.80
2 152.73 153.87 153.30 1.14 1 0 2099.93
14 157.27 153.87 155.57 -3.40 0 1 925.28
6 153.87 157.27 155.57 3.40 0 1 774.44
4 153.87 152.73 153.30 -1.14 0 1 706.29
3 152.73 156.13 154.43 3.40 0 1 752.50
5 153.87 155.00 154.44 1.13 0 1 709.73
8 155.00 153.87 154.44 -1.13 1 0 608.60
12 156.13 155.00 155.57 -1.13 1 0 547.13
10 155.00 158.40 156.70 3.40 1 0 477.97
13 156.13 157.27 156.70 1.14 0 1 1151.22
16 158.40 155.00 156.70 -3.40 1 0 491.05
7 155.00 151.60 153.30 -3.40 1 0 1344.77
15 157.27 156.13 156.70 -1.14 1 0 2006.89
1 151.60 155.00 153.30 3.40 0 1 1737.30
13 156.13 157.27 156.70 1.14 1 0 778.58
10 155.00 158.40 156.70 3.40 0 1 1251.60
9 155.00 156.13 155.57 1.13 0 1 929.65
11 156.13 152.73 154.43 -3.40 1 0 1322.20
12 156.13 155.00 155.57 -1.13 0 1 2735.58
2 152.73 153.87 153.30 1.14 1 0 571.23
14 157.27 153.87 155.57 -3.40 1 0 2597.01
1 151.60 155.00 153.30 3.40 0 1 3312.61
5 153.87 155.00 154.44 1.13 1 0 5870.76
4 153.87 152.73 153.30 -1.14 1 0 852.88
15 157.27 156.13 156.70 -1.14 0 1 722.91
8 155.00 153.87 154.44 -1.13 0 1 747.41
6 153.87 157.27 155.57 3.40 0 1 2760.46
3 152.73 156.13 154.43 3.40 0 1 714.35
16 158.40 155.00 156.70 -3.40 1 0 520.93
7 155.00 151.60 153.30 -3.40 0 1 1010.55
5 153.87 155.00 154.44 1.13 0 1 683.60
12 156.13 155.00 155.57 -1.13 0 1 711.63
14 157.27 153.87 155.57 -3.40 0 1 3780.15
7 155.00 151.60 153.30 -3.40 0 1 671.29
15 157.27 156.13 156.70 -1.14 1 0 1891.01
9 155.00 156.13 155.57 1.13 1 0 589.96
2 152.73 153.87 153.30 1.14 1 0 682.42
10 155.00 158.40 156.70 3.40 1 0 1110.25
4 153.87 152.73 153.30 -1.14 1 0 558.85
11 156.13 152.73 154.43 -3.40 0 1 411.33
13 156.13 157.27 156.70 1.14 0 1 496.50
3 152.73 156.13 154.43 3.40 0 1 317.38
8 155.00 153.87 154.44 -1.13 0 1 536.25
16 158.40 155.00 156.70 -3.40 0 1 2535.40
6 153.87 157.27 155.57 3.40 0 1 722.10
1 151.60 155.00 153.30 3.40 1 0 1025.88
5 153.87 155.00 154.44 1.13 0 1 10692.82
9 155.00 156.13 155.57 1.13 0 1 3040.63
14 157.27 153.87 155.57 -3.40 1 0 5580.86
2 152.73 153.87 153.30 1.14 0 1 1356.53
15 157.27 156.13 156.70 -1.14 0 1 1162.92
3 152.73 156.13 154.43 3.40 1 0 1376.87
13 156.13 157.27 156.70 1.14 0 1 1494.21
7 155.00 151.60 153.30 -3.40 0 1 780.82
4 153.87 152.73 153.30 -1.14 1 0 703.36
10 155.00 158.40 156.70 3.40 0 1 3746.11
16 158.40 155.00 156.70 -3.40 0 1 1290.91
8 155.00 153.87 154.44 -1.13 1 0 1591.05
11 156.13 152.73 154.43 -3.40 0 1 609.19
6 153.87 157.27 155.57 3.40 1 0 1374.75
12 156.13 155.00 155.57 -1.13 1 0 789.04
1 151.60 155.00 153.30 3.40 1 0 957.59
