14 157.27 153.87 155.57 -3.40 0 1 3983.39
7 155.00 151.60 153.30 -3.40 0 1 3892.38
10 155.00 158.40 156.70 3.40 1 0 4219.77
15 157.27 156.13 156.70 -1.14 1 0 1820.64
11 156.13 152.73 154.43 -3.40 1 0 3724.94
4 153.87 152.73 153.30 -1.14 1 0 2571.77
2 152.73 153.87 153.30 1.14 0 1 1222.40
13 156.13 157.27 156.70 1.14 1 0 3415.36
8 155.00 153.87 154.44 -1.13 1 0 1797.00
12 156.13 155.00 155.57 -1.13 1 0 2049.94
16 158.40 155.00 156.70 -3.40 1 0 2211.74
5 153.87 155.00 154.44 1.13 1 0 1921.12
9 155.00 156.13 155.57 1.13 1 0 2473.04
3 152.73 156.13 154.43 3.40 0 1 3331.61
6 153.87 157.27 155.57 3.40 0 1 5065.80
1 151.60 155.00 153.30 3.40 1 0 3484.62
11 156.13 152.73 154.43 -3.40 0 1 5813.57
8 155.00 153.87 154.44 -1.13 1 0 2277.53
3 152.73 156.13 154.43 3.40 0 1 3535.04
13 156.13 157.27 156.70 1.14 1 0 3114.64
6 153.87 157.27 155.57 3.40 1 0 3375.16
5 153.87 155.00 154.44 1.13 0 1 2676.14
7 155.00 151.60 153.30 -3.40 0 1 3254.05
9 155.00 156.13 155.57 1.13 1 0 3198.98
15 157.27 156.13 156.70 -1.14 1 0 4007.86
12 156.13 155.00 155.57 -1.13 1 0 4403.02
2 152.73 153.87 153.30 1.14 0 1 1515.84
1 151.60 155.00 153.30 3.40 0 1 2199.97
10 155.00 158.40 156.70 3.40 1 0 6841.38
14 157.27 153.87 155.57 -3.40 1 0 5979.37
16 158.40 155.00 156.70 -3.40 1 0 5276.39
4 153.87 152.73 153.30 -1.14 0 1 11007.00
5 153.87 155.00 154.44 1.13 0 1 3269.65
14 157.27 153.87 155.57 -3.40 1 0 3142.46
10 155.00 158.40 156.70 3.40 0 1 1996.38
9 155.00 156.13 155.57 1.13 1 0 1734.29
13 156.13 157.27 156.70 1.14 1 0 14782.97
4 153.87 152.73 153.30 -1.14 1 0 1958.78
8 155.00 153.87 154.44 -1.13 1 0 5260.77
7 155.00 151.60 153.30 -3.40 0 1 4849.67
15 157.27 156.13 156.70 -1.14 1 0 2407.20
11 156.13 152.73 154.43 -3.40 1 0 1694.05
12 156.13 155.00 155.57 -1.13 1 0 1819.10
6 153.87 157.27 155.57 3.40 0 1 3321.06
3 152.73 156.13 154.43 3.40 0 1 2291.09
2 152.73 153.87 153.30 1.14 0 1 1104.45
1 151.60 155.00 153.30 3.40 0 1 2770.27
16 158.40 155.00 156.70 -3.40 1 0 1247.24
9 155.00 156.13 155.57 1.13 1 0 2135.84
5 153.87 155.00 154.44 1.13 0 1 1299.42
3 152.73 156.13 154.43 3.40 0 1 4672.92
10 155.00 158.40 156.70 3.40 1 0 3212.94
12 156.13 155.00 155.57 -1.13 1 0 2480.81
2 152.73 153.87 153.30 1.14 1 0 1997.59
11 156.13 152.73 154.43 -3.40 1 0 1595.62
4 153.87 152.73 153.30 -1.14 0 1 2648.72
15 157.27 156.13 156.70 -1.14 1 0 813.20
8 155.00 153.87 154.44 -1.13 1 0 1399.41
14 157.27 153.87 155.57 -3.40 1 0 918.55
7 155.00 151.60 153.30 -3.40 0 1 2240.28
6 153.87 157.27 155.57 3.40 1 0 905.98
13 156.13 157.27 156.70 1.14 0 1 1138.93
1 151.60 155.00 153.30 3.40 0 1 1565.65
16 158.40 155.00 156.70 -3.40 1 0 1095.69
2 152.73 153.87 153.30 1.14 0 1 1914.71
8 155.00 153.87 154.44 -1.13 1 0 815.92
10 155.00 158.40 156.70 3.40 0 1 1403.77
11 156.13 152.73 154.43 -3.40 1 0 1332.28
12 156.13 155.00 155.57 -1.13 1 0 1416.15
7 155.00 151.60 153.30 -3.40 1 0 3922.19
3 152.73 156.13 154.43 3.40 0 1 1913.52
16 158.40 155.00 156.70 -3.40 1 0 2205.02
5 153.87 155.00 154.44 1.13 0 1 2122.57
15 157.27 156.13 156.70 -1.14 1 0 1163.69
4 153.87 152.73 153.30 -1.14 0 1 1360.59
6 153.87 157.27 155.57 3.40 0 1 1368.09
1 151.60 155.00 153.30 3.40 0 1 990.42
13 156.13 157.27 156.70 1.14 1 0 1753.46
14 157.27 153.87 155.57 -3.40 1 0 1236.57
9 155.00 156.13 155.57 1.13 1 0 1267.97
5 153.87 155.00 154.44 1.13 0 1 1418.80
12 156.13 155.00 155.57 -1.13 1 0 1010.30
15 157.27 156.13 156.70 -1.14 1 0 1190.05
10 155.00 158.40 156.70 3.40 0 1 1248.35
4 153.87 152.73 153.30 -1.14 1 0 1398.33
2 152.73 153.87 153.30 1.14 0 1 1812.04
14 157.27 153.87 155.57 -3.40 1 0 1077.56
11 156.13 152.73 154.43 -3.40 1 0 1103.96
13 156.13 157.27 156.70 1.14 1 0 1121.28
7 155.00 151.60 153.30 -3.40 0 1 2635.85
16 158.40 155.00 156.70 -3.40 1 0 749.51
6 153.87 157.27 155.57 3.40 0 1 937.91
9 155.00 156.13 155.57 1.13 1 0 1093.02
8 155.00 153.87 154.44 -1.13 1 0 1313.16
3 152.73 156.13 154.43 3.40 0 1 1029.09
1 151.60 155.00 153.30 3.40 0 1 895.10
2 152.73 153.87 153.30 1.14 0 1 1390.87
13 156.13 157.27 156.70 1.14 1 0 1486.20
8 155.00 153.87 154.44 -1.13 1 0 970.02
7 155.00 151.60 153.30 -3.40 0 1 2290.94
6 153.87 157.27 155.57 3.40 0 1 932.43
9 155.00 156.13 155.57 1.13 0 1 2223.54
12 156.13 155.00 155.57 -1.13 1 0 986.11
14 157.27 153.87 155.57 -3.40 1 0 2809.81
11 156.13 152.73 154.43 -3.40 1 0 2078.04
16 158.40 155.00 156.70 -3.40 1 0 1984.34
10 155.00 158.40 156.70 3.40 1 0 3373.77
5 153.87 155.00 154.44 1.13 0 1 1549.48
4 153.87 152.73 153.30 -1.14 0 1 2719.70
15 157.27 156.13 156.70 -1.14 0 1 3186.30
3 152.73 156.13 154.43 3.40 0 1 3726.66
1 151.60 155.00 153.30 3.40 0 1 1683.88
13 156.13 157.27 156.70 1.14 1 0 3680.29
3 152.73 156.13 154.43 3.40 0 1 1071.86
8 155.00 153.87 154.44 -1.13 0 1 1412.18
5 153.87 155.00 154.44 1.13 0 1 2420.83
7 155.00 151.60 153.30 -3.40 1 0 3184.75
11 156.13 152.73 154.43 -3.40 1 0 2682.27
4 153.87 152.73 153.30 -1.14 0 1 1720.61
6 153.87 157.27 155.57 3.40 0 1 6190.48
14 157.27 153.87 155.57 -3.40 1 0 2139.88
16 158.40 155.00 156.70 -3.40 1 0 1622.94
10 155.00 158.40 156.70 3.40 0 1 2055.48
15 157.27 156.13 156.70 -1.14 1 0 2576.30
12 156.13 155.00 155.57 -1.13 1 0 1385.04
9 155.00 156.13 155.57 1.13 0 1 3260.59
2 152.73 153.87 153.30 1.14 0 1 2496.22
1 151.60 155.00 153.30 3.40 0 1 1504.75
15 157.27 156.13 156.70 -1.14 1 0 4382.68
11 156.13 152.73 154.43 -3.40 0 1 2012.18
1 151.60 155.00 153.30 3.40 0 1 1746.45
4 153.87 152.73 153.30 -1.14 0 1 2030.52
8 155.00 153.87 154.44 -1.13 1 0 1968.64
3 152.73 156.13 154.43 3.40 0 1 1951.70
12 156.13 155.00 155.57 -1.13 1 0 1782.94
6 153.87 157.27 155.57 3.40 0 1 1424.23
13 156.13 157.27 156.70 1.14 0 1 1950.76
2 152.73 153.87 153.30 1.14 0 1 985.56
10 155.00 158.40 156.70 3.40 1 0 6342.24
5 153.87 155.00 154.44 1.13 0 1 1284.60
14 157.27 153.87 155.57 -3.40 1 0 741.17
9 155.00 156.13 155.57 1.13 0 1 721.11
7 155.00 151.60 153.30 -3.40 1 0 1603.98
16 158.40 155.00 156.70 -3.40 1 0 1240.92
16 158.40 155.00 156.70 -3.40 1 0 2038.43
3 152.73 156.13 154.43 3.40 0 1 996.92
4 153.87 152.73 153.30 -1.14 0 1 1466.19
1 151.60 155.00 153.30 3.40 0 1 950.96
10 155.00 158.40 156.70 3.40 0 1 1499.18
7 155.00 151.60 153.30 -3.40 0 1 3062.27
14 157.27 153.87 155.57 -3.40 1 0 1618.92
9 155.00 156.13 155.57 1.13 0 1 1848.80
8 155.00 153.87 154.44 -1.13 0 1 1507.84
15 157.27 156.13 156.70 -1.14 1 0 679.89
2 152.73 153.87 153.30 1.14 0 1 2131.71
11 156.13 152.73 154.43 -3.40 1 0 1694.92
5 153.87 155.00 154.44 1.13 0 1 1284.93
12 156.13 155.00 155.57 -1.13 0 1 1578.66
6 153.87 157.27 155.57 3.40 0 1 3347.96
13 156.13 157.27 156.70 1.14 0 1 2329.68
10 155.00 158.40 156.70 3.40 0 1 3076.75
12 156.13 155.00 155.57 -1.13 1 0 1832.24
13 156.13 157.27 156.70 1.14 0 1 2541.29
2 152.73 153.87 153.30 1.14 0 1 2414.77
15 157.27 156.13 156.70 -1.14 1 0 2028.21
8 155.00 153.87 154.44 -1.13 1 0 1195.41
3 152.73 156.13 154.43 3.40 0 1 1229.84
14 157.27 153.87 155.57 -3.40 1 0 1682.89
7 155.00 151.60 153.30 -3.40 1 0 3455.45
5 153.87 155.00 154.44 1.13 0 1 3834.54
6 153.87 157.27 155.57 3.40 0 1 6725.87
4 153.87 152.73 153.30 -1.14 0 1 2165.17
11 156.13 152.73 154.43 -3.40 1 0 1469.72
9 155.00 156.13 155.57 1.13 1 0 2753.07
16 158.40 155.00 156.70 -3.40 1 0 1119.25
1 151.60 155.00 153.30 3.40 0 1 934.23
9 155.00 156.13 155.57 1.13 1 0 1724.20
4 153.87 152.73 153.30 -1.14 0 1 3466.31
6 153.87 157.27 155.57 3.40 1 0 1995.16
2 152.73 153.87 153.30 1.14 0 1 2380.78
12 156.13 155.00 155.57 -1.13 1 0 1401.46
13 156.13 157.27 156.70 1.14 1 0 892.34
15 157.27 156.13 156.70 -1.14 1 0 1002.79
14 157.27 153.87 155.57 -3.40 1 0 3353.50
10 155.00 158.40 156.70 3.40 0 1 4381.62
3 152.73 156.13 154.43 3.40 0 1 3045.35
1 151.60 155.00 153.30 3.40 1 0 1895.48
7 155.00 151.60 153.30 -3.40 1 0 3928.10
5 153.87 155.00 154.44 1.13 0 1 1081.89
16 158.40 155.00 156.70 -3.40 1 0 1601.01
11 156.13 152.73 154.43 -3.40 1 0 887.53
8 155.00 153.87 154.44 -1.13 1 0 1577.96
15 157.27 156.13 156.70 -1.14 1 0 2779.95
1 151.60 155.00 153.30 3.40 0 1 2517.71
10 155.00 158.40 156.70 3.40 1 0 2021.14
13 156.13 157.27 156.70 1.14 1 0 1604.96
4 153.87 152.73 153.30 -1.14 0 1 1719.98
12 156.13 155.00 155.57 -1.13 1 0 1822.88
6 153.87 157.27 155.57 3.40 0 1 1450.95
5 153.87 155.00 154.44 1.13 1 0 1447.39
7 155.00 151.60 153.30 -3.40 1 0 2348.94
14 157.27 153.87 155.57 -3.40 1 0 1029.01
16 158.40 155.00 156.70 -3.40 1 0 1674.21
11 156.13 152.73 154.43 -3.40 1 0 1951.29
8 155.00 153.87 154.44 -1.13 1 0 1425.71
3 152.73 156.13 154.43 3.40 0 1 1042.30
2 152.73 153.87 153.30 1.14 0 1 1232.20
9 155.00 156.13 155.57 1.13 0 1 1064.18
9 155.00 156.13 155.57 1.13 1 0 2109.69
2 152.73 153.87 153.30 1.14 1 0 6655.99
15 157.27 156.13 156.70 -1.14 1 0 4972.83
14 157.27 153.87 155.57 -3.40 1 0 4235.42
8 155.00 153.87 154.44 -1.13 0 1 2324.38
13 156.13 157.27 156.70 1.14 1 0 2117.34
3 152.73 156.13 154.43 3.40 0 1 1747.64
10 155.00 158.40 156.70 3.40 1 0 1815.58
5 153.87 155.00 154.44 1.13 0 1 2490.04
4 153.87 152.73 153.30 -1.14 0 1 1483.06
6 153.87 157.27 155.57 3.40 1 0 3952.37
16 158.40 155.00 156.70 -3.40 1 0 1071.04
12 156.13 155.00 155.57 -1.13 1 0 2197.48
7 155.00 151.60 153.30 -3.40 0 1 1627.96
11 156.13 152.73 154.43 -3.40 1 0 1930.51
1 151.60 155.00 153.30 3.40 0 1 1443.63
11 156.13 152.73 154.43 -3.40 0 1 2475.66
9 155.00 156.13 155.57 1.13 0 1 1202.09
2 152.73 153.87 153.30 1.14 0 1 965.11
14 157.27 153.87 155.57 -3.40 1 0 2039.55
6 153.87 157.27 155.57 3.40 0 1 1333.61
4 153.87 152.73 153.30 -1.14 1 0 1290.35
3 152.73 156.13 154.43 3.40 0 1 1154.22
5 153.87 155.00 154.44 1.13 0 1 1200.01
8 155.00 153.87 154.44 -1.13 1 0 945.26
12 156.13 155.00 155.57 -1.13 1 0 1205.54
10 155.00 158.40 156.70 3.40 1 0 1342.13
13 156.13 157.27 156.70 1.14 0 1 1604.79
16 158.40 155.00 156.70 -3.40 1 0 1386.82
7 155.00 151.60 153.30 -3.40 1 0 2062.68
15 157.27 156.13 156.70 -1.14 1 0 944.83
1 151.60 155.00 153.30 3.40 0 1 1083.61
13 156.13 157.27 156.70 1.14 1 0 721.07
10 155.00 158.40 156.70 3.40 1 0 1027.44
9 155.00 156.13 155.57 1.13 0 1 1456.72
11 156.13 152.73 154.43 -3.40 1 0 699.20
12 156.13 155.00 155.57 -1.13 0 1 1164.65
2 152.73 153.87 153.30 1.14 0 1 1228.36
14 157.27 153.87 155.57 -3.40 1 0 1020.46
1 151.60 155.00 153.30 3.40 0 1 895.69
5 153.87 155.00 154.44 1.13 0 1 2408.99
4 153.87 152.73 153.30 -1.14 1 0 1306.61
15 157.27 156.13 156.70 -1.14 1 0 1376.30
8 155.00 153.87 154.44 -1.13 1 0 728.46
6 153.87 157.27 155.57 3.40 1 0 1999.91
3 152.73 156.13 154.43 3.40 0 1 1368.65
16 158.40 155.00 156.70 -3.40 1 0 976.22
7 155.00 151.60 153.30 -3.40 0 1 1269.67
5 153.87 155.00 154.44 1.13 0 1 1305.79
12 156.13 155.00 155.57 -1.13 1 0 1270.08
14 157.27 153.87 155.57 -3.40 1 0 1739.05
7 155.00 151.60 153.30 -3.40 0 1 1429.10
15 157.27 156.13 156.70 -1.14 1 0 1108.27
9 155.00 156.13 155.57 1.13 0 1 1869.92
2 152.73 153.87 153.30 1.14 1 0 673.56
10 155.00 158.40 156.70 3.40 1 0 1562.53
4 153.87 152.73 153.30 -1.14 0 1 977.91
11 156.13 152.73 154.43 -3.40 0 1 1555.27
13 156.13 157.27 156.70 1.14 1 0 951.76
3 152.73 156.13 154.43 3.40 0 1 1120.33
8 155.00 153.87 154.44 -1.13 1 0 2462.09
16 158.40 155.00 156.70 -3.40 1 0 1107.06
6 153.87 157.27 155.57 3.40 0 1 1170.72
1 151.60 155.00 153.30 3.40 0 1 1381.03
5 153.87 155.00 154.44 1.13 0 1 1827.83
9 155.00 156.13 155.57 1.13 1 0 1620.90
14 157.27 153.87 155.57 -3.40 1 0 1104.31
2 152.73 153.87 153.30 1.14 0 1 1528.58
15 157.27 156.13 156.70 -1.14 1 0 837.51
3 152.73 156.13 154.43 3.40 0 1 932.22
13 156.13 157.27 156.70 1.14 1 0 766.96
7 155.00 151.60 153.30 -3.40 1 0 856.37
4 153.87 152.73 153.30 -1.14 1 0 843.66
10 155.00 158.40 156.70 3.40 0 1 1929.05
16 158.40 155.00 156.70 -3.40 1 0 1162.68
8 155.00 153.87 154.44 -1.13 1 0 967.01
11 156.13 152.73 154.43 -3.40 1 0 1023.59
6 153.87 157.27 155.57 3.40 0 1 845.86
12 156.13 155.00 155.57 -1.13 1 0 570.88
1 151.60 155.00 153.30 3.40 0 1 3761.85
