12 156.13 155.00 155.57 -1.13 1 0 2328.61
9 155.00 156.13 155.57 1.13 0 1 1287.15
2 152.73 153.87 153.30 1.14 0 1 1477.66
4 153.87 152.73 153.30 -1.14 0 1 2032.92
3 152.73 156.13 154.43 3.40 0 1 4506.57
16 158.40 155.00 156.70 -3.40 1 0 1034.12
11 156.13 152.73 154.43 -3.40 1 0 1871.53
6 153.87 157.27 155.57 3.40 0 1 2329.06
13 156.13 157.27 156.70 1.14 1 0 1524.62
5 153.87 155.00 154.44 1.13 1 0 3920.28
8 155.00 153.87 154.44 -1.13 1 0 3296.30
7 155.00 151.60 153.30 -3.40 0 1 1483.72
10 155.00 158.40 156.70 3.40 1 0 2261.37
15 157.27 156.13 156.70 -1.14 1 0 1233.55
14 157.27 153.87 155.57 -3.40 0 1 2591.70
1 151.60 155.00 153.30 3.40 0 1 774.97
2 152.73 153.87 153.30 1.14 0 1 936.66
6 153.87 157.27 155.57 3.40 1 0 902.14
13 156.13 157.27 156.70 1.14 1 0 3126.67
10 155.00 158.40 156.70 3.40 1 0 2773.85
16 158.40 155.00 156.70 -3.40 1 0 2455.86
3 152.73 156.13 154.43 3.40 0 1 961.52
14 157.27 153.87 155.57 -3.40 1 0 3566.56
4 153.87 152.73 153.30 -1.14 0 1 1879.33
11 156.13 152.73 154.43 -3.40 0 1 1348.71
5 153.87 155.00 154.44 1.13 0 1 797.13
12 156.13 155.00 155.57 -1.13 0 1 2828.77
7 155.00 151.60 153.30 -3.40 0 1 1526.76
1 151.60 155.00 153.30 3.40 0 1 901.13
15 157.27 156.13 156.70 -1.14 1 0 2904.98
9 155.00 156.13 155.57 1.13 1 0 3335.55
8 155.00 153.87 154.44 -1.13 0 1 2277.46
6 153.87 157.27 155.57 3.40 0 1 1494.76
12 156.13 155.00 155.57 -1.13 0 1 2148.31
9 155.00 156.13 155.57 1.13 0 1 1383.80
14 157.27 153.87 155.57 -3.40 1 0 976.05
5 153.87 155.00 154.44 1.13 0 1 2028.11
8 155.00 153.87 154.44 -1.13 0 1 3198.04
13 156.13 157.27 156.70 1.14 1 0 957.14
3 152.73 156.13 154.43 3.40 0 1 2858.59
10 155.00 158.40 156.70 3.40 1 0 1300.53
16 158.40 155.00 156.70 -3.40 1 0 798.18
2 152.73 153.87 153.30 1.14 0 1 3525.23
11 156.13 152.73 154.43 -3.40 0 1 2534.69
7 155.00 151.60 153.30 -3.40 1 0 2649.28
4 153.87 152.73 153.30 -1.14 0 1 2790.72
1 151.60 155.00 153.30 3.40 0 1 2713.24
15 157.27 156.13 156.70 -1.14 1 0 1039.80
4 153.87 152.73 153.30 -1.14 0 1 1633.11
15 157.27 156.13 156.70 -1.14 1 0 3233.93
6 153.87 157.27 155.57 3.40 1 0 1348.73
2 152.73 153.87 153.30 1.14 1 0 5146.66
10 155.00 158.40 156.70 3.40 1 0 1380.73
9 155.00 156.13 155.57 1.13 1 0 1617.20
13 156.13 157.27 156.70 1.14 1 0 2120.56
16 158.40 155.00 156.70 -3.40 1 0 3715.04
14 157.27 153.87 155.57 -3.40 1 0 3893.16
12 156.13 155.00 155.57 -1.13 1 0 3316.86
1 151.60 155.00 153.30 3.40 0 1 1002.17
3 152.73 156.13 154.43 3.40 0 1 4565.69
8 155.00 153.87 154.44 -1.13 1 0 5645.20
5 153.87 155.00 154.44 1.13 0 1 5980.64
11 156.13 152.73 154.43 -3.40 1 0 7941.64
7 155.00 151.60 153.30 -3.40 1 0 6379.07
6 153.87 157.27 155.57 3.40 1 0 1323.49
11 156.13 152.73 154.43 -3.40 1 0 3631.21
7 155.00 151.60 153.30 -3.40 1 0 1591.74
3 152.73 156.13 154.43 3.40 0 1 4139.55
16 158.40 155.00 156.70 -3.40 0 1 6050.84
9 155.00 156.13 155.57 1.13 1 0 834.74
4 153.87 152.73 153.30 -1.14 1 0 1743.62
14 157.27 153.87 155.57 -3.40 1 0 1385.68
5 153.87 155.00 154.44 1.13 0 1 12698.64
15 157.27 156.13 156.70 -1.14 1 0 672.54
8 155.00 153.87 154.44 -1.13 1 0 1111.28
10 155.00 158.40 156.70 3.40 1 0 1545.83
13 156.13 157.27 156.70 1.14 1 0 1480.91
2 152.73 153.87 153.30 1.14 0 1 5278.53
1 151.60 155.00 153.30 3.40 0 1 5605.67
12 156.13 155.00 155.57 -1.13 1 0 3835.84
4 153.87 152.73 153.30 -1.14 1 0 3878.35
5 153.87 155.00 154.44 1.13 0 1 3703.14
15 157.27 156.13 156.70 -1.14 1 0 719.13
13 156.13 157.27 156.70 1.14 1 0 581.04
2 152.73 153.87 153.30 1.14 0 1 4746.29
6 153.87 157.27 155.57 3.40 1 0 8753.68
16 158.40 155.00 156.70 -3.40 1 0 3488.58
3 152.73 156.13 154.43 3.40 0 1 6482.19
10 155.00 158.40 156.70 3.40 1 0 1038.84
11 156.13 152.73 154.43 -3.40 0 1 1599.36
14 157.27 153.87 155.57 -3.40 1 0 2797.83
12 156.13 155.00 155.57 -1.13 0 1 1654.74
8 155.00 153.87 154.44 -1.13 1 0 2366.07
7 155.00 151.60 153.30 -3.40 0 1 2354.04
9 155.00 156.13 155.57 1.13 1 0 4092.64
1 151.60 155.00 153.30 3.40 0 1 2867.51
2 152.73 153.87 153.30 1.14 0 1 1367.74
10 155.00 158.40 156.70 3.40 1 0 1135.98
11 156.13 152.73 154.43 -3.40 0 1 4698.49
5 153.87 155.00 154.44 1.13 0 1 3127.99
6 153.87 157.27 155.57 3.40 1 0 907.90
3 152.73 156.13 154.43 3.40 1 0 1273.19
12 156.13 155.00 155.57 -1.13 0 1 1421.03
8 155.00 153.87 154.44 -1.13 0 1 1290.93
1 151.60 155.00 153.30 3.40 0 1 1080.99
14 157.27 153.87 155.57 -3.40 1 0 3443.52
13 156.13 157.27 156.70 1.14 1 0 648.46
9 155.00 156.13 155.57 1.13 1 0 1236.48
15 157.27 156.13 156.70 -1.14 1 0 2227.78
7 155.00 151.60 153.30 -3.40 0 1 1330.52
4 153.87 152.73 153.30 -1.14 0 1 2236.10
16 158.40 155.00 156.70 -3.40 1 0 1536.69
11 156.13 152.73 154.43 -3.40 1 0 1867.36
5 153.87 155.00 154.44 1.13 1 0 2386.67
14 157.27 153.87 155.57 -3.40 0 1 2124.99
1 151.60 155.00 153.30 3.40 0 1 2181.95
12 156.13 155.00 155.57 -1.13 1 0 2649.50
10 155.00 158.40 156.70 3.40 1 0 1108.14
8 155.00 153.87 154.44 -1.13 1 0 2916.64
4 153.87 152.73 153.30 -1.14 0 1 1677.14
2 152.73 153.87 153.30 1.14 1 0 1960.91
15 157.27 156.13 156.70 -1.14 0 1 2702.92
3 152.73 156.13 154.43 3.40 0 1 4281.07
13 156.13 157.27 156.70 1.14 1 0 2406.81
16 158.40 155.00 156.70 -3.40 1 0 999.11
6 153.87 157.27 155.57 3.40 0 1 2260.07
9 155.00 156.13 155.57 1.13 0 1 2854.03
7 155.00 151.60 153.30 -3.40 1 0 1020.58
3 152.73 156.13 154.43 3.40 1 0 3770.74
15 157.27 156.13 156.70 -1.14 1 0 596.28
5 153.87 155.00 154.44 1.13 1 0 1025.99
14 157.27 153.87 155.57 -3.40 1 0 691.52
13 156.13 157.27 156.70 1.14 1 0 1238.28
1 151.60 155.00 153.30 3.40 1 0 3430.84
2 152.73 153.87 153.30 1.14 0 1 2126.50
8 155.00 153.87 154.44 -1.13 1 0 1000.13
16 158.40 155.00 156.70 -3.40 1 0 879.65
10 155.00 158.40 156.70 3.40 1 0 810.02
7 155.00 151.60 153.30 -3.40 0 1 961.15
9 155.00 156.13 155.57 1.13 1 0 884.93
6 153.87 157.27 155.57 3.40 1 0 1647.49
11 156.13 152.73 154.43 -3.40 1 0 966.98
12 156.13 155.00 155.57 -1.13 1 0 2095.32
4 153.87 152.73 153.30 -1.14 1 0 1823.48
15 157.27 156.13 156.70 -1.14 1 0 877.47
2 152.73 153.87 153.30 1.14 0 1 1192.99
4 153.87 152.73 153.30 -1.14 1 0 637.58
10 155.00 158.40 156.70 3.40 1 0 633.37
5 153.87 155.00 154.44 1.13 1 0 551.62
3 152.73 156.13 154.43 3.40 1 0 653.27
11 156.13 152.73 154.43 -3.40 1 0 453.83
1 151.60 155.00 153.30 3.40 1 0 523.30
6 153.87 157.27 155.57 3.40 1 0 525.53
12 156.13 155.00 155.57 -1.13 1 0 555.15
14 157.27 153.87 155.57 -3.40 1 0 1151.38
9 155.00 156.13 155.57 1.13 1 0 1800.01
8 155.00 153.87 154.44 -1.13 1 0 1904.55
7 155.00 151.60 153.30 -3.40 0 1 6537.96
13 156.13 157.27 156.70 1.14 1 0 1760.68
16 158.40 155.00 156.70 -3.40 1 0 905.01
12 156.13 155.00 155.57 -1.13 1 0 1574.34
11 156.13 152.73 154.43 -3.40 1 0 2445.43
14 157.27 153.87 155.57 -3.40 0 1 5828.67
9 155.00 156.13 155.57 1.13 1 0 1113.16
7 155.00 151.60 153.30 -3.40 0 1 1254.41
5 153.87 155.00 154.44 1.13 0 1 1438.75
3 152.73 156.13 154.43 3.40 0 1 3062.28
1 151.60 155.00 153.30 3.40 0 1 980.83
4 153.87 152.73 153.30 -1.14 0 1 1154.88
16 158.40 155.00 156.70 -3.40 1 0 1942.53
10 155.00 158.40 156.70 3.40 1 0 955.78
8 155.00 153.87 154.44 -1.13 1 0 699.14
6 153.87 157.27 155.57 3.40 1 0 2280.81
13 156.13 157.27 156.70 1.14 1 0 483.89
15 157.27 156.13 156.70 -1.14 1 0 438.29
2 152.73 153.87 153.30 1.14 1 0 536.08
15 157.27 156.13 156.70 -1.14 1 0 654.46
14 157.27 153.87 155.57 -3.40 1 0 962.83
11 156.13 152.73 154.43 -3.40 1 0 6427.37
1 151.60 155.00 153.30 3.40 0 1 1081.42
16 158.40 155.00 156.70 -3.40 1 0 565.95
7 155.00 151.60 153.30 -3.40 1 0 344.59
9 155.00 156.13 155.57 1.13 1 0 427.18
8 155.00 153.87 154.44 -1.13 1 0 322.05
2 152.73 153.87 153.30 1.14 0 1 957.81
6 153.87 157.27 155.57 3.40 1 0 532.75
12 156.13 155.00 155.57 -1.13 1 0 980.77
5 153.87 155.00 154.44 1.13 1 0 1405.03
10 155.00 158.40 156.70 3.40 1 0 1631.66
3 152.73 156.13 154.43 3.40 1 0 2083.04
4 153.87 152.73 153.30 -1.14 1 0 821.93
13 156.13 157.27 156.70 1.14 1 0 662.25
2 152.73 153.87 153.30 1.14 1 0 914.07
7 155.00 151.60 153.30 -3.40 0 1 1457.73
16 158.40 155.00 156.70 -3.40 1 0 948.25
5 153.87 155.00 154.44 1.13 0 1 605.50
3 152.73 156.13 154.43 3.40 1 0 1193.92
13 156.13 157.27 156.70 1.14 1 0 820.70
15 157.27 156.13 156.70 -1.14 1 0 758.24
12 156.13 155.00 155.57 -1.13 0 1 1100.59
10 155.00 158.40 156.70 3.40 1 0 833.75
9 155.00 156.13 155.57 1.13 1 0 2957.97
8 155.00 153.87 154.44 -1.13 1 0 1349.85
4 153.87 152.73 153.30 -1.14 1 0 594.18
6 153.87 157.27 155.57 3.40 1 0 807.57
14 157.27 153.87 155.57 -3.40 1 0 585.88
11 156.13 152.73 154.43 -3.40 0 1 2176.03
1 151.60 155.00 153.30 3.40 1 0 1193.46
2 152.73 153.87 153.30 1.14 1 0 1133.80
5 153.87 155.00 154.44 1.13 1 0 769.94
3 152.73 156.13 154.43 3.40 1 0 5202.05
10 155.00 158.40 156.70 3.40 1 0 371.60
8 155.00 153.87 154.44 -1.13 1 0 557.18
15 157.27 156.13 156.70 -1.14 1 0 435.06
9 155.00 156.13 155.57 1.13 1 0 431.15
12 156.13 155.00 155.57 -1.13 1 0 538.58
16 158.40 155.00 156.70 -3.40 1 0 590.34
11 156.13 152.73 154.43 -3.40 1 0 372.82
4 153.87 152.73 153.30 -1.14 0 1 2577.64
14 157.27 153.87 155.57 -3.40 1 0 2739.89
6 153.87 157.27 155.57 3.40 1 0 249.67
13 156.13 157.27 156.70 1.14 1 0 1867.20
1 151.60 155.00 153.30 3.40 0 1 886.74
7 155.00 151.60 153.30 -3.40 0 1 552.91
11 156.13 152.73 154.43 -3.40 0 1 1049.86
10 155.00 158.40 156.70 3.40 1 0 1117.75
12 156.13 155.00 155.57 -1.13 1 0 670.08
4 153.87 152.73 153.30 -1.14 1 0 925.42
9 155.00 156.13 155.57 1.13 1 0 701.01
7 155.00 151.60 153.30 -3.40 0 1 812.03
16 158.40 155.00 156.70 -3.40 1 0 914.28
15 157.27 156.13 156.70 -1.14 1 0 430.55
14 157.27 153.87 155.57 -3.40 0 1 509.58
8 155.00 153.87 154.44 -1.13 0 1 3402.27
3 152.73 156.13 154.43 3.40 1 0 728.18
6 153.87 157.27 155.57 3.40 1 0 326.90
2 152.73 153.87 153.30 1.14 1 0 715.44
5 153.87 155.00 154.44 1.13 1 0 441.10
13 156.13 157.27 156.70 1.14 1 0 753.59
1 151.60 155.00 153.30 3.40 1 0 474.59
14 157.27 153.87 155.57 -3.40 1 0 745.36
11 156.13 152.73 154.43 -3.40 0 1 1051.67
8 155.00 153.87 154.44 -1.13 1 0 388.94
7 155.00 151.60 153.30 -3.40 1 0 526.93
2 152.73 153.87 153.30 1.14 0 1 1143.52
16 158.40 155.00 156.70 -3.40 1 0 1510.58
1 151.60 155.00 153.30 3.40 0 1 1505.73
3 152.73 156.13 154.43 3.40 0 1 1943.70
9 155.00 156.13 155.57 1.13 1 0 1051.60
10 155.00 158.40 156.70 3.40 1 0 650.72
12 156.13 155.00 155.57 -1.13 1 0 413.05
5 153.87 155.00 154.44 1.13 1 0 1091.58
13 156.13 157.27 156.70 1.14 1 0 404.45
15 157.27 156.13 156.70 -1.14 1 0 482.63
4 153.87 152.73 153.30 -1.14 1 0 444.66
6 153.87 157.27 155.57 3.40 1 0 496.40
8 155.00 153.87 154.44 -1.13 1 0 784.66
4 153.87 152.73 153.30 -1.14 1 0 391.22
12 156.13 155.00 155.57 -1.13 1 0 535.11
2 152.73 153.87 153.30 1.14 0 1 797.26
14 157.27 153.87 155.57 -3.40 1 0 937.08
13 156.13 157.27 156.70 1.14 1 0 471.08
10 155.00 158.40 156.70 3.40 1 0 535.30
6 153.87 157.27 155.57 3.40 1 0 285.45
9 155.00 156.13 155.57 1.13 1 0 600.65
15 157.27 156.13 156.70 -1.14 0 1 1256.76
16 158.40 155.00 156.70 -3.40 1 0 414.42
3 152.73 156.13 154.43 3.40 1 0 423.98
7 155.00 151.60 153.30 -3.40 0 1 574.21
5 153.87 155.00 154.44 1.13 1 0 551.92
11 156.13 152.73 154.43 -3.40 1 0 978.30
1 151.60 155.00 153.30 3.40 0 1 630.65
1 151.60 155.00 153.30 3.40 0 1 655.10
13 156.13 157.27 156.70 1.14 1 0 627.38
3 152.73 156.13 154.43 3.40 0 1 969.45
11 156.13 152.73 154.43 -3.40 1 0 1032.66
12 156.13 155.00 155.57 -1.13 1 0 1696.60
15 157.27 156.13 156.70 -1.14 1 0 892.82
5 153.87 155.00 154.44 1.13 1 0 569.40
16 158.40 155.00 156.70 -3.40 1 0 867.81
9 155.00 156.13 155.57 1.13 1 0 425.67
4 153.87 152.73 153.30 -1.14 1 0 352.98
2 152.73 153.87 153.30 1.14 1 0 1235.62
10 155.00 158.40 156.70 3.40 1 0 634.75
6 153.87 157.27 155.57 3.40 1 0 233.83
8 155.00 153.87 154.44 -1.13 0 1 500.88
14 157.27 153.87 155.57 -3.40 1 0 775.74
7 155.00 151.60 153.30 -3.40 0 1 879.44
