12 156.13 155.00 155.57 -1.13 1 0 1017.48
9 155.00 156.13 155.57 1.13 0 1 842.84
2 152.73 153.87 153.30 1.14 0 1 528.77
4 153.87 152.73 153.30 -1.14 0 1 677.39
3 152.73 156.13 154.43 3.40 1 0 638.01
16 158.40 155.00 156.70 -3.40 1 0 859.77
11 156.13 152.73 154.43 -3.40 1 0 1045.77
6 153.87 157.27 155.57 3.40 0 1 1072.88
13 156.13 157.27 156.70 1.14 1 0 615.40
5 153.87 155.00 154.44 1.13 1 0 755.48
8 155.00 153.87 154.44 -1.13 0 1 761.82
7 155.00 151.60 153.30 -3.40 0 1 907.40
10 155.00 158.40 156.70 3.40 0 1 1234.43
15 157.27 156.13 156.70 -1.14 1 0 762.16
14 157.27 153.87 155.57 -3.40 0 1 1052.16
1 151.60 155.00 153.30 3.40 0 1 675.49
2 152.73 153.87 153.30 1.14 0 1 585.39
6 153.87 157.27 155.57 3.40 1 0 768.32
13 156.13 157.27 156.70 1.14 1 0 594.47
10 155.00 158.40 156.70 3.40 1 0 478.01
16 158.40 155.00 156.70 -3.40 1 0 902.23
3 152.73 156.13 154.43 3.40 0 1 578.16
14 157.27 153.87 155.57 -3.40 1 0 513.03
4 153.87 152.73 153.30 -1.14 0 1 503.03
11 156.13 152.73 154.43 -3.40 1 0 539.18
5 153.87 155.00 154.44 1.13 1 0 452.63
12 156.13 155.00 155.57 -1.13 0 1 869.52
7 155.00 151.60 153.30 -3.40 1 0 1060.79
1 151.60 155.00 153.30 3.40 1 0 612.24
15 157.27 156.13 156.70 -1.14 0 1 650.79
9 155.00 156.13 155.57 1.13 1 0 548.93
8 155.00 153.87 154.44 -1.13 1 0 523.07
6 153.87 157.27 155.57 3.40 1 0 614.89
12 156.13 155.00 155.57 -1.13 0 1 462.13
9 155.00 156.13 155.57 1.13 1 0 436.99
14 157.27 153.87 155.57 -3.40 1 0 363.89
5 153.87 155.00 154.44 1.13 0 1 542.05
8 155.00 153.87 154.44 -1.13 1 0 642.75
13 156.13 157.27 156.70 1.14 0 1 566.48
3 152.73 156.13 154.43 3.40 1 0 526.81
10 155.00 158.40 156.70 3.40 1 0 572.74
16 158.40 155.00 156.70 -3.40 0 1 602.46
2 152.73 153.87 153.30 1.14 0 1 499.24
11 156.13 152.73 154.43 -3.40 0 1 494.76
7 155.00 151.60 153.30 -3.40 0 1 655.23
4 153.87 152.73 153.30 -1.14 0 1 619.88
1 151.60 155.00 153.30 3.40 0 1 714.36
15 157.27 156.13 156.70 -1.14 0 1 615.28
4 153.87 152.73 153.30 -1.14 0 1 645.26
15 157.27 156.13 156.70 -1.14 0 1 803.41
6 153.87 157.27 155.57 3.40 1 0 483.00
2 152.73 153.87 153.30 1.14 1 0 738.31
10 155.00 158.40 156.70 3.40 1 0 503.67
9 155.00 156.13 155.57 1.13 0 1 520.02
13 156.13 157.27 156.70 1.14 1 0 588.64
16 158.40 155.00 156.70 -3.40 0 1 458.84
14 157.27 153.87 155.57 -3.40 1 0 478.81
12 156.13 155.00 155.57 -1.13 0 1 662.52
1 151.60 155.00 153.30 3.40 0 1 458.45
3 152.73 156.13 154.43 3.40 0 1 574.18
8 155.00 153.87 154.44 -1.13 1 0 491.66
5 153.87 155.00 154.44 1.13 1 0 636.01
11 156.13 152.73 154.43 -3.40 1 0 649.91
7 155.00 151.60 153.30 -3.40 0 1 562.35
6 153.87 157.27 155.57 3.40 0 1 1175.31
11 156.13 152.73 154.43 -3.40 0 1 507.03
7 155.00 151.60 153.30 -3.40 1 0 763.44
3 152.73 156.13 154.43 3.40 0 1 601.38
16 158.40 155.00 156.70 -3.40 0 1 651.59
9 155.00 156.13 155.57 1.13 0 1 497.00
4 153.87 152.73 153.30 -1.14 1 0 550.24
14 157.27 153.87 155.57 -3.40 1 0 583.16
5 153.87 155.00 154.44 1.13 1 0 739.58
15 157.27 156.13 156.70 -1.14 1 0 508.06
8 155.00 153.87 154.44 -1.13 1 0 550.92
10 155.00 158.40 156.70 3.40 0 1 517.94
13 156.13 157.27 156.70 1.14 0 1 499.43
2 152.73 153.87 153.30 1.14 0 1 544.61
1 151.60 155.00 153.30 3.40 0 1 511.99
12 156.13 155.00 155.57 -1.13 0 1 622.22
4 153.87 152.73 153.30 -1.14 1 0 521.45
5 153.87 155.00 154.44 1.13 0 1 477.06
15 157.27 156.13 156.70 -1.14 1 0 547.47
13 156.13 157.27 156.70 1.14 1 0 612.22
2 152.73 153.87 153.30 1.14 0 1 513.11
6 153.87 157.27 155.57 3.40 0 1 479.31
16 158.40 155.00 156.70 -3.40 1 0 646.22
3 152.73 156.13 154.43 3.40 1 0 621.84
10 155.00 158.40 156.70 3.40 1 0 654.60
11 156.13 152.73 154.43 -3.40 1 0 1033.72
14 157.27 153.87 155.57 -3.40 0 1 543.02
12 156.13 155.00 155.57 -1.13 0 1 528.70
8 155.00 153.87 154.44 -1.13 0 1 441.53
7 155.00 151.60 153.30 -3.40 1 0 513.54
9 155.00 156.13 155.57 1.13 1 0 414.76
1 151.60 155.00 153.30 3.40 1 0 744.87
2 152.73 153.87 153.30 1.14 0 1 468.70
10 155.00 158.40 156.70 3.40 0 1 632.94
11 156.13 152.73 154.43 -3.40 0 1 666.07
5 153.87 155.00 154.44 1.13 1 0 556.26
6 153.87 157.27 155.57 3.40 1 0 703.85
3 152.73 156.13 154.43 3.40 0 1 461.59
12 156.13 155.00 155.57 -1.13 0 1 476.25
8 155.00 153.87 154.44 -1.13 1 0 565.85
1 151.60 155.00 153.30 3.40 0 1 487.29
14 157.27 153.87 155.57 -3.40 0 1 640.36
13 156.13 157.27 156.70 1.14 1 0 615.23
9 155.00 156.13 155.57 1.13 0 1 736.28
15 157.27 156.13 156.70 -1.14 0 1 529.13
7 155.00 151.60 153.30 -3.40 0 1 373.66
4 153.87 152.73 153.30 -1.14 0 1 548.46
16 158.40 155.00 156.70 -3.40 1 0 478.11
11 156.13 152.73 154.43 -3.40 1 0 419.36
5 153.87 155.00 154.44 1.13 0 1 499.26
14 157.27 153.87 155.57 -3.40 1 0 406.73
1 151.60 155.00 153.30 3.40 1 0 551.42
12 156.13 155.00 155.57 -1.13 1 0 400.14
10 155.00 158.40 156.70 3.40 1 0 682.20
8 155.00 153.87 154.44 -1.13 0 1 475.52
4 153.87 152.73 153.30 -1.14 0 1 738.02
2 152.73 153.87 153.30 1.14 0 1 559.45
15 157.27 156.13 156.70 -1.14 0 1 586.76
3 152.73 156.13 154.43 3.40 1 0 499.90
13 156.13 157.27 156.70 1.14 1 0 386.98
16 158.40 155.00 156.70 -3.40 0 1 352.98
6 153.87 157.27 155.57 3.40 1 0 548.56
9 155.00 156.13 155.57 1.13 1 0 518.03
7 155.00 151.60 153.30 -3.40 0 1 595.31
3 152.73 156.13 154.43 3.40 1 0 551.50
15 157.27 156.13 156.70 -1.14 1 0 522.54
5 153.87 155.00 154.44 1.13 1 0 466.29
14 157.27 153.87 155.57 -3.40 1 0 808.00
13 156.13 157.27 156.70 1.14 1 0 488.64
1 151.60 155.00 153.30 3.40 0 1 352.47
2 152.73 153.87 153.30 1.14 0 1 416.06
8 155.00 153.87 154.44 -1.13 0 1 523.41
16 158.40 155.00 156.70 -3.40 0 1 480.21
10 155.00 158.40 156.70 3.40 1 0 783.00
7 155.00 151.60 153.30 -3.40 0 1 589.32
9 155.00 156.13 155.57 1.13 1 0 554.36
6 153.87 157.27 155.57 3.40 1 0 592.57
11 156.13 152.73 154.43 -3.40 1 0 451.21
12 156.13 155.00 155.57 -1.13 0 1 495.63
4 153.87 152.73 153.30 -1.14 0 1 452.55
15 157.27 156.13 156.70 -1.14 1 0 415.66
2 152.73 153.87 153.30 1.14 1 0 501.94
4 153.87 152.73 153.30 -1.14 1 0 535.52
10 155.00 158.40 156.70 3.40 1 0 572.25
5 153.87 155.00 154.44 1.13 1 0 351.14
3 152.73 156.13 154.43 3.40 1 0 1187.03
11 156.13 152.73 154.43 -3.40 1 0 449.08
1 151.60 155.00 153.30 3.40 1 0 537.00
6 153.87 157.27 155.57 3.40 1 0 719.44
12 156.13 155.00 155.57 -1.13 0 1 425.20
14 157.27 153.87 155.57 -3.40 0 1 512.25
9 155.00 156.13 155.57 1.13 1 0 602.30
8 155.00 153.87 154.44 -1.13 0 1 578.00
7 155.00 151.60 153.30 -3.40 0 1 612.33
13 156.13 157.27 156.70 1.14 1 0 556.82
16 158.40 155.00 156.70 -3.40 1 0 487.56
12 156.13 155.00 155.57 -1.13 1 0 561.12
11 156.13 152.73 154.43 -3.40 0 1 502.07
14 157.27 153.87 155.57 -3.40 1 0 554.90
9 155.00 156.13 155.57 1.13 1 0 493.44
7 155.00 151.60 153.30 -3.40 1 0 400.76
5 153.87 155.00 154.44 1.13 1 0 497.81
3 152.73 156.13 154.43 3.40 1 0 619.01
1 151.60 155.00 153.30 3.40 1 0 475.69
4 153.87 152.73 153.30 -1.14 0 1 427.43
16 158.40 155.00 156.70 -3.40 0 1 486.85
10 155.00 158.40 156.70 3.40 1 0 524.04
8 155.00 153.87 154.44 -1.13 1 0 892.82
6 153.87 157.27 155.57 3.40 1 0 381.67
13 156.13 157.27 156.70 1.14 1 0 419.73
15 157.27 156.13 156.70 -1.14 1 0 643.28
2 152.73 153.87 153.30 1.14 0 1 751.58
15 157.27 156.13 156.70 -1.14 0 1 369.30
14 157.27 153.87 155.57 -3.40 1 0 487.64
11 156.13 152.73 154.43 -3.40 1 0 734.39
1 151.60 155.00 153.30 3.40 0 1 906.99
16 158.40 155.00 156.70 -3.40 1 0 665.01
7 155.00 151.60 153.30 -3.40 0 1 682.40
9 155.00 156.13 155.57 1.13 1 0 560.76
8 155.00 153.87 154.44 -1.13 1 0 482.04
2 152.73 153.87 153.30 1.14 0 1 647.87
6 153.87 157.27 155.57 3.40 1 0 754.42
12 156.13 155.00 155.57 -1.13 1 0 846.53
5 153.87 155.00 154.44 1.13 1 0 586.66
10 155.00 158.40 156.70 3.40 1 0 613.65
3 152.73 156.13 154.43 3.40 0 1 1026.70
4 153.87 152.73 153.30 -1.14 1 0 445.26
13 156.13 157.27 156.70 1.14 1 0 819.35
2 152.73 153.87 153.30 1.14 0 1 802.61
7 155.00 151.60 153.30 -3.40 1 0 571.60
16 158.40 155.00 156.70 -3.40 1 0 598.91
5 153.87 155.00 154.44 1.13 1 0 969.82
3 152.73 156.13 154.43 3.40 0 1 544.44
13 156.13 157.27 156.70 1.14 1 0 521.96
15 157.27 156.13 156.70 -1.14 1 0 627.32
12 156.13 155.00 155.57 -1.13 0 1 448.39
10 155.00 158.40 156.70 3.40 0 1 392.32
9 155.00 156.13 155.57 1.13 1 0 501.03
8 155.00 153.87 154.44 -1.13 0 1 928.26
4 153.87 152.73 153.30 -1.14 0 1 395.54
6 153.87 157.27 155.57 3.40 1 0 556.99
14 157.27 153.87 155.57 -3.40 1 0 558.19
11 156.13 152.73 154.43 -3.40 0 1 621.17
1 151.60 155.00 153.30 3.40 0 1 511.61
2 152.73 153.87 153.30 1.14 0 1 538.56
5 153.87 155.00 154.44 1.13 1 0 454.78
3 152.73 156.13 154.43 3.40 1 0 425.38
10 155.00 158.40 156.70 3.40 1 0 430.15
8 155.00 153.87 154.44 -1.13 0 1 612.12
15 157.27 156.13 156.70 -1.14 1 0 583.44
9 155.00 156.13 155.57 1.13 1 0 498.13
12 156.13 155.00 155.57 -1.13 0 1 675.59
16 158.40 155.00 156.70 -3.40 0 1 396.93
11 156.13 152.73 154.43 -3.40 0 1 376.37
4 153.87 152.73 153.30 -1.14 0 1 623.83
14 157.27 153.87 155.57 -3.40 0 1 423.73
6 153.87 157.27 155.57 3.40 0 1 499.06
13 156.13 157.27 156.70 1.14 1 0 481.81
1 151.60 155.00 153.30 3.40 1 0 489.75
7 155.00 151.60 153.30 -3.40 0 1 395.06
11 156.13 152.73 154.43 -3.40 0 1 568.29
10 155.00 158.40 156.70 3.40 0 1 438.59
12 156.13 155.00 155.57 -1.13 0 1 492.67
4 153.87 152.73 153.30 -1.14 0 1 557.51
9 155.00 156.13 155.57 1.13 0 1 558.99
7 155.00 151.60 153.30 -3.40 0 1 554.52
16 158.40 155.00 156.70 -3.40 0 1 752.37
15 157.27 156.13 156.70 -1.14 0 1 550.05
14 157.27 153.87 155.57 -3.40 0 1 563.79
8 155.00 153.87 154.44 -1.13 0 1 568.81
3 152.73 156.13 154.43 3.40 0 1 418.83
6 153.87 157.27 155.57 3.40 0 1 491.25
2 152.73 153.87 153.30 1.14 0 1 622.63
5 153.87 155.00 154.44 1.13 0 1 748.75
13 156.13 157.27 156.70 1.14 1 0 578.70
1 151.60 155.00 153.30 3.40 0 1 538.86
14 157.27 153.87 155.57 -3.40 0 1 847.27
11 156.13 152.73 154.43 -3.40 0 1 571.22
8 155.00 153.87 154.44 -1.13 0 1 602.78
7 155.00 151.60 153.30 -3.40 0 1 397.77
2 152.73 153.87 153.30 1.14 0 1 759.07
16 158.40 155.00 156.70 -3.40 1 0 806.39
1 151.60 155.00 153.30 3.40 1 0 376.35
3 152.73 156.13 154.43 3.40 1 0 460.19
9 155.00 156.13 155.57 1.13 1 0 411.30
10 155.00 158.40 156.70 3.40 0 1 589.05
12 156.13 155.00 155.57 -1.13 0 1 666.39
5 153.87 155.00 154.44 1.13 0 1 978.08
13 156.13 157.27 156.70 1.14 0 1 706.74
15 157.27 156.13 156.70 -1.14 0 1 662.77
4 153.87 152.73 153.30 -1.14 1 0 469.20
6 153.87 157.27 155.57 3.40 0 1 509.15
8 155.00 153.87 154.44 -1.13 0 1 668.41
4 153.87 152.73 153.30 -1.14 0 1 412.95
12 156.13 155.00 155.57 -1.13 0 1 437.77
2 152.73 153.87 153.30 1.14 0 1 753.80
14 157.27 153.87 155.57 -3.40 0 1 508.12
13 156.13 157.27 156.70 1.14 0 1 651.52
10 155.00 158.40 156.70 3.40 1 0 903.06
6 153.87 157.27 155.57 3.40 1 0 527.76
9 155.00 156.13 155.57 1.13 1 0 442.68
15 157.27 156.13 156.70 -1.14 0 1 719.96
16 158.40 155.00 156.70 -3.40 1 0 808.55
3 152.73 156.13 154.43 3.40 1 0 567.85
7 155.00 151.60 153.30 -3.40 0 1 543.58
5 153.87 155.00 154.44 1.13 0 1 422.53
11 156.13 152.73 154.43 -3.40 0 1 470.86
1 151.60 155.00 153.30 3.40 0 1 535.00
1 151.60 155.00 153.30 3.40 0 1 603.63
13 156.13 157.27 156.70 1.14 0 1 380.54
3 152.73 156.13 154.43 3.40 0 1 431.56
11 156.13 152.73 154.43 -3.40 0 1 522.69
12 156.13 155.00 155.57 -1.13 0 1 484.13
15 157.27 156.13 156.70 -1.14 0 1 407.37
5 153.87 155.00 154.44 1.13 0 1 633.19
16 158.40 155.00 156.70 -3.40 0 1 537.81
9 155.00 156.13 155.57 1.13 1 0 764.89
4 153.87 152.73 153.30 -1.14 1 0 523.83
2 152.73 153.87 153.30 1.14 1 0 432.67
10 155.00 158.40 156.70 3.40 1 0 875.27
6 153.87 157.27 155.57 3.40 1 0 813.63
8 155.00 153.87 154.44 -1.13 1 0 340.43
14 157.27 153.87 155.57 -3.40 0 1 513.83
7 155.00 151.60 153.30 -3.40 0 1 447.21
