14 157.27 153.87 155.57 -3.40 0 1 4016.13
7 155.00 151.60 153.30 -3.40 0 1 974.42
10 155.00 158.40 156.70 3.40 1 0 554.41
15 157.27 156.13 156.70 -1.14 1 0 701.80
11 156.13 152.73 154.43 -3.40 1 0 878.10
4 153.87 152.73 153.30 -1.14 0 1 761.00
2 152.73 153.87 153.30 1.14 0 1 746.28
13 156.13 157.27 156.70 1.14 1 0 610.37
8 155.00 153.87 154.44 -1.13 1 0 714.77
12 156.13 155.00 155.57 -1.13 1 0 704.64
16 158.40 155.00 156.70 -3.40 1 0 607.28
5 153.87 155.00 154.44 1.13 1 0 1482.01
9 155.00 156.13 155.57 1.13 1 0 846.99
3 152.73 156.13 154.43 3.40 0 1 683.01
6 153.87 157.27 155.57 3.40 0 1 924.89
1 151.60 155.00 153.30 3.40 0 1 807.46
11 156.13 152.73 154.43 -3.40 1 0 799.12
8 155.00 153.87 154.44 -1.13 0 1 656.61
3 152.73 156.13 154.43 3.40 0 1 479.98
13 156.13 157.27 156.70 1.14 0 1 881.97
6 153.87 157.27 155.57 3.40 0 1 1034.42
5 153.87 155.00 154.44 1.13 0 1 615.53
7 155.00 151.60 153.30 -3.40 1 0 592.97
9 155.00 156.13 155.57 1.13 1 0 732.85
15 157.27 156.13 156.70 -1.14 1 0 727.72
12 156.13 155.00 155.57 -1.13 1 0 968.10
2 152.73 153.87 153.30 1.14 0 1 613.07
1 151.60 155.00 153.30 3.40 0 1 513.41
10 155.00 158.40 156.70 3.40 0 1 711.77
14 157.27 153.87 155.57 -3.40 1 0 551.88
16 158.40 155.00 156.70 -3.40 1 0 645.59
4 153.87 152.73 153.30 -1.14 0 1 898.98
5 153.87 155.00 154.44 1.13 1 0 804.57
14 157.27 153.87 155.57 -3.40 1 0 620.55
10 155.00 158.40 156.70 3.40 0 1 749.43
9 155.00 156.13 155.57 1.13 0 1 1048.21
13 156.13 157.27 156.70 1.14 1 0 745.57
4 153.87 152.73 153.30 -1.14 1 0 673.45
8 155.00 153.87 154.44 -1.13 1 0 550.60
7 155.00 151.60 153.30 -3.40 1 0 589.38
15 157.27 156.13 156.70 -1.14 1 0 501.57
11 156.13 152.73 154.43 -3.40 1 0 507.20
12 156.13 155.00 155.57 -1.13 1 0 474.01
6 153.87 157.27 155.57 3.40 0 1 604.66
3 152.73 156.13 154.43 3.40 0 1 1076.65
2 152.73 153.87 153.30 1.14 0 1 797.83
1 151.60 155.00 153.30 3.40 0 1 602.52
16 158.40 155.00 156.70 -3.40 1 0 546.57
9 155.00 156.13 155.57 1.13 0 1 559.79
5 153.87 155.00 154.44 1.13 1 0 564.43
3 152.73 156.13 154.43 3.40 0 1 565.45
10 155.00 158.40 156.70 3.40 1 0 856.78
12 156.13 155.00 155.57 -1.13 1 0 502.23
2 152.73 153.87 153.30 1.14 1 0 633.52
11 156.13 152.73 154.43 -3.40 1 0 806.45
4 153.87 152.73 153.30 -1.14 1 0 778.70
15 157.27 156.13 156.70 -1.14 1 0 539.61
8 155.00 153.87 154.44 -1.13 1 0 534.23
14 157.27 153.87 155.57 -3.40 1 0 407.91
7 155.00 151.60 153.30 -3.40 1 0 328.05
6 153.87 157.27 155.57 3.40 1 0 410.11
13 156.13 157.27 156.70 1.14 1 0 515.90
1 151.60 155.00 153.30 3.40 1 0 453.35
16 158.40 155.00 156.70 -3.40 1 0 535.70
2 152.73 153.87 153.30 1.14 1 0 651.78
8 155.00 153.87 154.44 -1.13 1 0 426.36
10 155.00 158.40 156.70 3.40 1 0 473.18
11 156.13 152.73 154.43 -3.40 1 0 585.86
12 156.13 155.00 155.57 -1.13 1 0 553.65
7 155.00 151.60 153.30 -3.40 1 0 1119.54
3 152.73 156.13 154.43 3.40 0 1 597.02
16 158.40 155.00 156.70 -3.40 1 0 790.41
5 153.87 155.00 154.44 1.13 1 0 516.39
15 157.27 156.13 156.70 -1.14 1 0 537.45
4 153.87 152.73 153.30 -1.14 1 0 1596.65
6 153.87 157.27 155.57 3.40 0 1 564.72
1 151.60 155.00 153.30 3.40 0 1 527.92
13 156.13 157.27 156.70 1.14 1 0 659.80
14 157.27 153.87 155.57 -3.40 1 0 657.03
9 155.00 156.13 155.57 1.13 1 0 919.65
5 153.87 155.00 154.44 1.13 1 0 565.41
12 156.13 155.00 155.57 -1.13 1 0 756.84
15 157.27 156.13 156.70 -1.14 1 0 642.44
10 155.00 158.40 156.70 3.40 1 0 673.97
4 153.87 152.73 153.30 -1.14 1 0 638.02
2 152.73 153.87 153.30 1.14 0 1 923.54
14 157.27 153.87 155.57 -3.40 1 0 562.08
11 156.13 152.73 154.43 -3.40 1 0 475.30
13 156.13 157.27 156.70 1.14 1 0 543.40
7 155.00 151.60 153.30 -3.40 1 0 701.43
16 158.40 155.00 156.70 -3.40 1 0 547.60
6 153.87 157.27 155.57 3.40 0 1 1151.69
9 155.00 156.13 155.57 1.13 1 0 859.15
8 155.00 153.87 154.44 -1.13 1 0 587.39
3 152.73 156.13 154.43 3.40 0 1 671.45
1 151.60 155.00 153.30 3.40 1 0 706.72
2 152.73 153.87 153.30 1.14 0 1 2207.92
13 156.13 157.27 156.70 1.14 1 0 687.78
8 155.00 153.87 154.44 -1.13 0 1 734.79
7 155.00 151.60 153.30 -3.40 1 0 884.02
6 153.87 157.27 155.57 3.40 0 1 1154.28
9 155.00 156.13 155.57 1.13 1 0 1206.39
12 156.13 155.00 155.57 -1.13 1 0 532.40
14 157.27 153.87 155.57 -3.40 1 0 593.77
11 156.13 152.73 154.43 -3.40 1 0 822.26
16 158.40 155.00 156.70 -3.40 1 0 467.34
10 155.00 158.40 156.70 3.40 1 0 644.16
5 153.87 155.00 154.44 1.13 1 0 457.95
4 153.87 152.73 153.30 -1.14 1 0 508.69
15 157.27 156.13 156.70 -1.14 1 0 395.07
3 152.73 156.13 154.43 3.40 0 1 1419.37
1 151.60 155.00 153.30 3.40 0 1 1178.29
13 156.13 157.27 156.70 1.14 1 0 985.62
3 152.73 156.13 154.43 3.40 1 0 572.28
8 155.00 153.87 154.44 -1.13 1 0 673.23
5 153.87 155.00 154.44 1.13 1 0 584.14
7 155.00 151.60 153.30 -3.40 1 0 1006.81
11 156.13 152.73 154.43 -3.40 1 0 665.21
4 153.87 152.73 153.30 -1.14 1 0 540.75
6 153.87 157.27 155.57 3.40 1 0 1246.01
14 157.27 153.87 155.57 -3.40 1 0 623.29
16 158.40 155.00 156.70 -3.40 1 0 754.49
10 155.00 158.40 156.70 3.40 1 0 1272.47
15 157.27 156.13 156.70 -1.14 1 0 466.15
12 156.13 155.00 155.57 -1.13 1 0 542.30
9 155.00 156.13 155.57 1.13 1 0 660.39
2 152.73 153.87 153.30 1.14 0 1 700.30
1 151.60 155.00 153.30 3.40 0 1 577.38
15 157.27 156.13 156.70 -1.14 1 0 817.03
11 156.13 152.73 154.43 -3.40 1 0 658.39
1 151.60 155.00 153.30 3.40 0 1 615.38
4 153.87 152.73 153.30 -1.14 0 1 1112.97
8 155.00 153.87 154.44 -1.13 1 0 959.42
3 152.73 156.13 154.43 3.40 1 0 634.92
12 156.13 155.00 155.57 -1.13 1 0 698.62
6 153.87 157.27 155.57 3.40 0 1 1012.82
13 156.13 157.27 156.70 1.14 1 0 830.34
2 152.73 153.87 153.30 1.14 0 1 1479.67
10 155.00 158.40 156.70 3.40 1 0 1223.90
5 153.87 155.00 154.44 1.13 0 1 1434.74
14 157.27 153.87 155.57 -3.40 1 0 513.62
9 155.00 156.13 155.57 1.13 1 0 704.22
7 155.00 151.60 153.30 -3.40 1 0 1369.51
16 158.40 155.00 156.70 -3.40 1 0 682.61
16 158.40 155.00 156.70 -3.40 1 0 448.33
3 152.73 156.13 154.43 3.40 0 1 1680.68
4 153.87 152.73 153.30 -1.14 1 0 1237.91
1 151.60 155.00 153.30 3.40 1 0 654.63
10 155.00 158.40 156.70 3.40 1 0 659.44
7 155.00 151.60 153.30 -3.40 1 0 720.99
14 157.27 153.87 155.57 -3.40 1 0 589.02
9 155.00 156.13 155.57 1.13 1 0 735.32
8 155.00 153.87 154.44 -1.13 1 0 673.68
15 157.27 156.13 156.70 -1.14 1 0 554.86
2 152.73 153.87 153.30 1.14 1 0 519.10
11 156.13 152.73 154.43 -3.40 1 0 697.70
5 153.87 155.00 154.44 1.13 1 0 528.23
12 156.13 155.00 155.57 -1.13 1 0 805.43
6 153.87 157.27 155.57 3.40 1 0 1259.70
13 156.13 157.27 156.70 1.14 1 0 633.32
10 155.00 158.40 156.70 3.40 1 0 604.16
12 156.13 155.00 155.57 -1.13 1 0 608.36
13 156.13 157.27 156.70 1.14 1 0 491.20
2 152.73 153.87 153.30 1.14 0 1 762.71
15 157.27 156.13 156.70 -1.14 1 0 590.31
8 155.00 153.87 154.44 -1.13 1 0 541.10
3 152.73 156.13 154.43 3.40 0 1 1477.94
14 157.27 153.87 155.57 -3.40 1 0 679.91
7 155.00 151.60 153.30 -3.40 1 0 1942.00
5 153.87 155.00 154.44 1.13 1 0 1136.72
6 153.87 157.27 155.57 3.40 1 0 3262.01
4 153.87 152.73 153.30 -1.14 0 1 1751.54
11 156.13 152.73 154.43 -3.40 1 0 1424.25
9 155.00 156.13 155.57 1.13 1 0 925.82
16 158.40 155.00 156.70 -3.40 1 0 855.20
1 151.60 155.00 153.30 3.40 0 1 1732.34
9 155.00 156.13 155.57 1.13 1 0 609.24
4 153.87 152.73 153.30 -1.14 1 0 1404.32
6 153.87 157.27 155.57 3.40 1 0 876.71
2 152.73 153.87 153.30 1.14 1 0 639.10
12 156.13 155.00 155.57 -1.13 1 0 535.87
13 156.13 157.27 156.70 1.14 1 0 355.80
15 157.27 156.13 156.70 -1.14 1 0 372.95
14 157.27 153.87 155.57 -3.40 1 0 1205.49
10 155.00 158.40 156.70 3.40 1 0 857.92
3 152.73 156.13 154.43 3.40 0 1 1330.70
1 151.60 155.00 153.30 3.40 0 1 2673.79
7 155.00 151.60 153.30 -3.40 0 1 860.54
5 153.87 155.00 154.44 1.13 1 0 584.27
16 158.40 155.00 156.70 -3.40 0 1 1021.57
11 156.13 152.73 154.43 -3.40 0 1 486.10
8 155.00 153.87 154.44 -1.13 0 1 626.70
15 157.27 156.13 156.70 -1.14 0 1 579.72
1 151.60 155.00 153.30 3.40 1 0 704.99
10 155.00 158.40 156.70 3.40 1 0 1836.64
13 156.13 157.27 156.70 1.14 0 1 1547.47
4 153.87 152.73 153.30 -1.14 1 0 1095.29
12 156.13 155.00 155.57 -1.13 0 1 746.60
6 153.87 157.27 155.57 3.40 0 1 930.75
5 153.87 155.00 154.44 1.13 0 1 640.24
7 155.00 151.60 153.30 -3.40 0 1 963.72
14 157.27 153.87 155.57 -3.40 0 1 936.69
16 158.40 155.00 156.70 -3.40 0 1 2688.92
11 156.13 152.73 154.43 -3.40 0 1 657.28
8 155.00 153.87 154.44 -1.13 0 1 575.71
3 152.73 156.13 154.43 3.40 1 0 1360.72
2 152.73 153.87 153.30 1.14 1 0 685.00
9 155.00 156.13 155.57 1.13 1 0 874.47
9 155.00 156.13 155.57 1.13 0 1 906.04
2 152.73 153.87 153.30 1.14 1 0 818.93
15 157.27 156.13 156.70 -1.14 0 1 631.35
14 157.27 153.87 155.57 -3.40 0 1 588.64
8 155.00 153.87 154.44 -1.13 0 1 601.41
13 156.13 157.27 156.70 1.14 0 1 1093.31
3 152.73 156.13 154.43 3.40 0 1 1790.07
10 155.00 158.40 156.70 3.40 0 1 599.14
5 153.87 155.00 154.44 1.13 0 1 1072.91
4 153.87 152.73 153.30 -1.14 1 0 1218.82
6 153.87 157.27 155.57 3.40 0 1 1098.74
16 158.40 155.00 156.70 -3.40 0 1 707.46
12 156.13 155.00 155.57 -1.13 0 1 1572.40
7 155.00 151.60 153.30 -3.40 0 1 791.01
11 156.13 152.73 154.43 -3.40 0 1 1275.67
1 151.60 155.00 153.30 3.40 0 1 1550.25
11 156.13 152.73 154.43 -3.40 0 1 2147.23
9 155.00 156.13 155.57 1.13 0 1 877.49
2 152.73 153.87 153.30 1.14 0 1 1508.84
14 157.27 153.87 155.57 -3.40 0 1 1432.23
6 153.87 157.27 155.57 3.40 0 1 1540.33
4 153.87 152.73 153.30 -1.14 0 1 1093.29
3 152.73 156.13 154.43 3.40 0 1 1133.45
5 153.87 155.00 154.44 1.13 0 1 651.74
8 155.00 153.87 154.44 -1.13 0 1 994.29
12 156.13 155.00 155.57 -1.13 0 1 2104.44
10 155.00 158.40 156.70 3.40 0 1 787.89
13 156.13 157.27 156.70 1.14 0 1 371.32
16 158.40 155.00 156.70 -3.40 0 1 951.17
7 155.00 151.60 153.30 -3.40 0 1 685.85
15 157.27 156.13 156.70 -1.14 0 1 467.14
1 151.60 155.00 153.30 3.40 0 1 1008.11
13 156.13 157.27 156.70 1.14 0 1 660.00
10 155.00 158.40 156.70 3.40 0 1 874.53
9 155.00 156.13 155.57 1.13 0 1 821.78
11 156.13 152.73 154.43 -3.40 0 1 574.55
12 156.13 155.00 155.57 -1.13 0 1 444.58
2 152.73 153.87 153.30 1.14 0 1 2313.02
14 157.27 153.87 155.57 -3.40 0 1 736.79
1 151.60 155.00 153.30 3.40 0 1 957.50
5 153.87 155.00 154.44 1.13 0 1 1805.61
4 153.87 152.73 153.30 -1.14 0 1 451.76
15 157.27 156.13 156.70 -1.14 0 1 561.69
8 155.00 153.87 154.44 -1.13 0 1 871.25
6 153.87 157.27 155.57 3.40 0 1 463.70
3 152.73 156.13 154.43 3.40 1 0 1275.32
16 158.40 155.00 156.70 -3.40 0 1 696.05
7 155.00 151.60 153.30 -3.40 0 1 616.17
5 153.87 155.00 154.44 1.13 1 0 745.97
12 156.13 155.00 155.57 -1.13 0 1 1694.92
14 157.27 153.87 155.57 -3.40 0 1 690.00
7 155.00 151.60 153.30 -3.40 0 1 1408.17
15 157.27 156.13 156.70 -1.14 0 1 1687.93
9 155.00 156.13 155.57 1.13 0 1 685.16
2 152.73 153.87 153.30 1.14 1 0 1004.42
10 155.00 158.40 156.70 3.40 0 1 623.48
4 153.87 152.73 153.30 -1.14 0 1 1778.22
11 156.13 152.73 154.43 -3.40 0 1 659.60
13 156.13 157.27 156.70 1.14 0 1 480.64
3 152.73 156.13 154.43 3.40 0 1 656.87
8 155.00 153.87 154.44 -1.13 0 1 628.08
16 158.40 155.00 156.70 -3.40 0 1 587.23
6 153.87 157.27 155.57 3.40 0 1 667.95
1 151.60 155.00 153.30 3.40 0 1 480.51
5 153.87 155.00 154.44 1.13 0 1 560.25
9 155.00 156.13 155.57 1.13 0 1 631.57
14 157.27 153.87 155.57 -3.40 0 1 1724.11
2 152.73 153.87 153.30 1.14 0 1 836.15
15 157.27 156.13 156.70 -1.14 0 1 730.09
3 152.73 156.13 154.43 3.40 0 1 766.09
13 156.13 157.27 156.70 1.14 0 1 874.08
7 155.00 151.60 153.30 -3.40 0 1 372.95
4 153.87 152.73 153.30 -1.14 1 0 760.74
10 155.00 158.40 156.70 3.40 0 1 617.98
16 158.40 155.00 156.70 -3.40 0 1 542.87
8 155.00 153.87 154.44 -1.13 0 1 667.72
11 156.13 152.73 154.43 -3.40 0 1 695.76
6 153.87 157.27 155.57 3.40 0 1 698.28
12 156.13 155.00 155.57 -1.13 0 1 581.74
1 151.60 155.00 153.30 3.40 1 0 2151.68
