13 155.68 156.36 156.02 0.68 1 0 1960.65
15 156.36 155.68 156.02 -0.68 1 0 1429.64
3 153.64 155.68 154.66 2.04 0 1 792.82
10 155.00 157.04 156.02 2.04 1 0 1069.80
2 153.64 154.32 153.98 0.68 0 1 1961.07
5 154.32 155.00 154.66 0.68 1 0 2915.62
9 155.00 155.68 155.34 0.68 1 0 1185.95
16 157.04 155.00 156.02 -2.04 1 0 871.59
8 155.00 154.32 154.66 -0.68 1 0 2496.38
7 155.00 152.96 153.98 -2.04 0 1 2019.13
11 155.68 153.64 154.66 -2.04 1 0 2654.55
14 156.36 154.32 155.34 -2.04 1 0 918.10
12 155.68 155.00 154.66 -0.68 1 0 1692.01
4 154.32 153.64 153.98 -0.68 0 1 1331.91
1 152.96 155.00 153.98 2.04 0 1 1338.83
6 154.32 156.36 155.34 2.04 0 1 1150.21
15 156.36 155.68 156.02 -0.68 1 0 1484.10
2 153.64 154.32 153.98 0.68 0 1 1407.07
8 155.00 154.32 154.66 -0.68 1 0 1994.21
7 155.00 152.96 153.98 -2.04 1 0 5050.94
12 155.68 155.00 154.66 -0.68 1 0 2107.42
13 155.68 156.36 156.02 0.68 1 0 1094.98
4 154.32 153.64 153.98 -0.68 1 0 1359.60
11 155.68 153.64 154.66 -2.04 0 1 947.15
5 154.32 155.00 154.66 0.68 0 1 1503.66
3 153.64 155.68 154.66 2.04 0 1 1306.30
6 154.32 156.36 155.34 2.04 1 0 1801.59
10 155.00 157.04 156.02 2.04 1 0 1647.43
9 155.00 155.68 155.34 0.68 1 0 1872.37
14 156.36 154.32 155.34 -2.04 1 0 1699.89
1 152.96 155.00 153.98 2.04 0 1 848.35
16 157.04 155.00 156.02 -2.04 0 1 4368.11
2 153.64 154.32 153.98 0.68 1 0 1706.77
8 155.00 154.32 154.66 -0.68 1 0 1348.50
3 153.64 155.68 154.66 2.04 1 0 940.70
15 156.36 155.68 156.02 -0.68 0 1 622.07
1 152.96 155.00 153.98 2.04 1 0 658.51
13 155.68 156.36 156.02 0.68 0 1 1954.78
14 156.36 154.32 155.34 -2.04 0 1 1019.34
7 155.00 152.96 153.98 -2.04 1 0 1031.05
5 154.32 155.00 154.66 0.68 1 0 1528.71
4 154.32 153.64 153.98 -0.68 1 0 1325.43
10 155.00 157.04 156.02 2.04 0 1 900.36
9 155.00 155.68 155.34 0.68 0 1 1360.25
6 154.32 156.36 155.34 2.04 1 0 857.76
11 155.68 153.64 154.66 -2.04 0 1 912.18
12 155.68 155.00 154.66 -0.68 1 0 1162.92
16 157.04 155.00 156.02 -2.04 0 1 891.22
8 155.00 154.32 154.66 -0.68 1 0 1036.37
3 153.64 155.68 154.66 2.04 1 0 893.66
5 154.32 155.00 154.66 0.68 1 0 1200.58
7 155.00 152.96 153.98 -2.04 0 1 897.81
10 155.00 157.04 156.02 2.04 1 0 794.24
12 155.68 155.00 154.66 -0.68 0 1 1079.32
4 154.32 153.64 153.98 -0.68 1 0 732.34
6 154.32 156.36 155.34 2.04 0 1 1092.57
9 155.00 155.68 155.34 0.68 1 0 592.67
2 153.64 154.32 153.98 0.68 1 0 643.36
13 155.68 156.36 156.02 0.68 0 1 996.50
1 152.96 155.00 153.98 2.04 1 0 668.31
15 156.36 155.68 156.02 -0.68 0 1 1088.77
11 155.68 153.64 154.66 -2.04 0 1 914.38
16 157.04 155.00 156.02 -2.04 0 1 710.34
14 156.36 154.32 155.34 -2.04 0 1 847.73
15 156.36 155.68 156.02 -0.68 0 1 1006.47
13 155.68 156.36 156.02 0.68 0 1 753.33
2 153.64 154.32 153.98 0.68 1 0 694.91
5 154.32 155.00 154.66 0.68 1 0 1246.16
6 154.32 156.36 155.34 2.04 1 0 973.75
11 155.68 153.64 154.66 -2.04 0 1 1302.18
3 153.64 155.68 154.66 2.04 1 0 857.28
12 155.68 155.00 154.66 -0.68 0 1 1097.71
8 155.00 154.32 154.66 -0.68 1 0 664.11
14 156.36 154.32 155.34 -2.04 0 1 894.94
4 154.32 153.64 153.98 -0.68 1 0 937.22
1 152.96 155.00 153.98 2.04 1 0 757.75
9 155.00 155.68 155.34 0.68 0 1 1077.50
10 155.00 157.04 156.02 2.04 0 1 709.63
16 157.04 155.00 156.02 -2.04 0 1 679.89
7 155.00 152.96 153.98 -2.04 1 0 1035.22
13 155.68 156.36 156.02 0.68 0 1 816.00
2 153.64 154.32 153.98 0.68 1 0 615.58
3 153.64 155.68 154.66 2.04 1 0 1053.20
4 154.32 153.64 153.98 -0.68 1 0 752.99
7 155.00 152.96 153.98 -2.04 0 1 909.43
9 155.00 155.68 155.34 0.68 0 1 848.51
11 155.68 153.64 154.66 -2.04 1 0 752.44
10 155.00 157.04 156.02 2.04 0 1 735.62
5 154.32 155.00 154.66 0.68 1 0 751.12
1 152.96 155.00 153.98 2.04 1 0 854.68
16 157.04 155.00 156.02 -2.04 0 1 686.62
8 155.00 154.32 154.66 -0.68 1 0 719.34
6 154.32 156.36 155.34 2.04 1 0 911.01
15 156.36 155.68 156.02 -0.68 0 1 973.34
12 155.68 155.00 154.66 -0.68 0 1 752.14
14 156.36 154.32 155.34 -2.04 0 1 719.49
11 155.68 153.64 154.66 -2.04 0 1 915.99
4 154.32 153.64 153.98 -0.68 1 0 648.59
7 155.00 152.96 153.98 -2.04 0 1 764.49
8 155.00 154.32 154.66 -0.68 1 0 657.66
16 157.04 155.00 156.02 -2.04 0 1 781.56
3 153.64 155.68 154.66 2.04 1 0 609.88
14 156.36 154.32 155.34 -2.04 0 1 639.26
10 155.00 157.04 156.02 2.04 0 1 931.03
5 154.32 155.00 154.66 0.68 1 0 888.81
13 155.68 156.36 156.02 0.68 0 1 709.78
12 155.68 155.00 154.66 -0.68 1 0 1318.33
6 154.32 156.36 155.34 2.04 1 0 1092.63
15 156.36 155.68 156.02 -0.68 0 1 896.10
1 152.96 155.00 153.98 2.04 1 0 669.52
2 153.64 154.32 153.98 0.68 1 0 840.24
9 155.00 155.68 155.34 0.68 0 1 1051.16
11 155.68 153.64 154.66 -2.04 0 1 1203.42
7 155.00 152.96 153.98 -2.04 0 1 874.16
13 155.68 156.36 156.02 0.68 0 1 662.74
12 155.68 155.00 154.66 -0.68 0 1 691.49
16 157.04 155.00 156.02 -2.04 0 1 680.35
9 155.00 155.68 155.34 0.68 0 1 1093.90
6 154.32 156.36 155.34 2.04 0 1 938.94
3 153.64 155.68 154.66 2.04 1 0 648.97
10 155.00 157.04 156.02 2.04 0 1 715.31
2 153.64 154.32 153.98 0.68 1 0 666.21
5 154.32 155.00 154.66 0.68 0 1 619.71
8 155.00 154.32 154.66 -0.68 0 1 931.66
14 156.36 154.32 155.34 -2.04 0 1 830.61
15 156.36 155.68 156.02 -0.68 0 1 767.92
4 154.32 153.64 153.98 -0.68 1 0 1092.86
1 152.96 155.00 153.98 2.04 1 0 1450.56
10 155.00 157.04 156.02 2.04 0 1 933.01
7 155.00 152.96 153.98 -2.04 1 0 979.78
15 156.36 155.68 156.02 -0.68 0 1 726.50
1 152.96 155.00 153.98 2.04 1 0 615.13
8 155.00 154.32 154.66 -0.68 0 1 746.52
13 155.68 156.36 156.02 0.68 0 1 798.83
6 154.32 156.36 155.34 2.04 1 0 1076.77
2 153.64 154.32 153.98 0.68 1 0 1185.98
4 154.32 153.64 153.98 -0.68 1 0 1009.51
12 155.68 155.00 154.66 -0.68 0 1 689.56
3 153.64 155.68 154.66 2.04 1 0 634.24
5 154.32 155.00 154.66 0.68 1 0 958.92
11 155.68 153.64 154.66 -2.04 0 1 719.49
9 155.00 155.68 155.34 0.68 0 1 1015.09
14 156.36 154.32 155.34 -2.04 0 1 990.96
16 157.04 155.00 156.02 -2.04 0 1 760.93
4 154.32 153.64 153.98 -0.68 1 0 771.07
3 153.64 155.68 154.66 2.04 1 0 818.51
2 153.64 154.32 153.98 0.68 0 1 1148.94
7 155.00 152.96 153.98 -2.04 1 0 744.38
8 155.00 154.32 154.66 -0.68 0 1 701.33
6 154.32 156.36 155.34 2.04 1 0 725.14
12 155.68 155.00 154.66 -0.68 0 1 687.96
10 155.00 157.04 156.02 2.04 0 1 963.55
13 155.68 156.36 156.02 0.68 0 1 810.30
15 156.36 155.68 156.02 -0.68 0 1 775.05
16 157.04 155.00 156.02 -2.04 0 1 630.01
11 155.68 153.64 154.66 -2.04 0 1 756.99
9 155.00 155.68 155.34 0.68 0 1 622.32
14 156.36 154.32 155.34 -2.04 0 1 635.11
5 154.32 155.00 154.66 0.68 0 1 968.29
1 152.96 155.00 153.98 2.04 1 0 768.17
6 154.32 156.36 155.34 2.04 0 1 616.78
7 155.00 152.96 153.98 -2.04 1 0 1168.73
5 154.32 155.00 154.66 0.68 0 1 787.74
4 154.32 153.64 153.98 -0.68 1 0 830.37
13 155.68 156.36 156.02 0.68 0 1 615.56
14 156.36 154.32 155.34 -2.04 1 0 762.93
12 155.68 155.00 154.66 -0.68 0 1 822.74
15 156.36 155.68 156.02 -0.68 0 1 697.39
11 155.68 153.64 154.66 -2.04 1 0 668.89
8 155.00 154.32 154.66 -0.68 0 1 589.82
16 157.04 155.00 156.02 -2.04 0 1 890.95
9 155.00 155.68 155.34 0.68 0 1 678.58
10 155.00 157.04 156.02 2.04 0 1 788.81
3 153.64 155.68 154.66 2.04 1 0 709.29
2 153.64 154.32 153.98 0.68 1 0 1049.10
1 152.96 155.00 153.98 2.04 1 0 1099.17
14 156.36 154.32 155.34 -2.04 0 1 628.65
10 155.00 157.04 156.02 2.04 1 0 840.36
16 157.04 155.00 156.02 -2.04 0 1 741.38
9 155.00 155.68 155.34 0.68 1 0 747.00
8 155.00 154.32 154.66 -0.68 0 1 734.81
13 155.68 156.36 156.02 0.68 0 1 688.00
4 154.32 153.64 153.98 -0.68 1 0 572.31
15 156.36 155.68 156.02 -0.68 0 1 603.87
12 155.68 155.00 154.66 -0.68 1 0 692.48
5 154.32 155.00 154.66 0.68 1 0 746.45
11 155.68 153.64 154.66 -2.04 0 1 706.17
2 153.64 154.32 153.98 0.68 1 0 577.38
1 152.96 155.00 153.98 2.04 1 0 642.23
3 153.64 155.68 154.66 2.04 1 0 1097.62
6 154.32 156.36 155.34 2.04 0 1 699.70
7 155.00 152.96 153.98 -2.04 1 0 671.61
4 154.32 153.64 153.98 -0.68 1 0 654.32
15 156.36 155.68 156.02 -0.68 0 1 985.11
2 153.64 154.32 153.98 0.68 1 0 545.95
3 153.64 155.68 154.66 2.04 1 0 569.97
10 155.00 157.04 156.02 2.04 0 1 1056.25
12 155.68 155.00 154.66 -0.68 1 0 562.83
14 156.36 154.32 155.34 -2.04 0 1 687.12
16 157.04 155.00 156.02 -2.04 0 1 810.00
13 155.68 156.36 156.02 0.68 0 1 639.88
9 155.00 155.68 155.34 0.68 1 0 656.80
7 155.00 152.96 153.98 -2.04 1 0 901.35
1 152.96 155.00 153.98 2.04 1 0 601.40
6 154.32 156.36 155.34 2.04 1 0 746.70
5 154.32 155.00 154.66 0.68 1 0 934.23
8 155.00 154.32 154.66 -0.68 1 0 729.49
11 155.68 153.64 154.66 -2.04 1 0 721.00
1 152.96 155.00 153.98 2.04 1 0 676.20
14 156.36 154.32 155.34 -2.04 0 1 723.96
9 155.00 155.68 155.34 0.68 1 0 642.03
6 154.32 156.36 155.34 2.04 1 0 864.57
8 155.00 154.32 154.66 -0.68 1 0 1202.12
2 153.64 154.32 153.98 0.68 1 0 647.12
4 154.32 153.64 153.98 -0.68 1 0 748.51
11 155.68 153.64 154.66 -2.04 1 0 623.61
3 153.64 155.68 154.66 2.04 1 0 620.01
16 157.04 155.00 156.02 -2.04 0 1 558.20
12 155.68 155.00 154.66 -0.68 1 0 595.32
5 154.32 155.00 154.66 0.68 1 0 555.14
7 155.00 152.96 153.98 -2.04 0 1 672.65
13 155.68 156.36 156.02 0.68 1 0 755.99
15 156.36 155.68 156.02 -0.68 0 1 789.23
10 155.00 157.04 156.02 2.04 1 0 846.17
5 154.32 155.00 154.66 0.68 0 1 813.36
3 153.64 155.68 154.66 2.04 1 0 559.91
4 154.32 153.64 153.98 -0.68 1 0 621.85
14 156.36 154.32 155.34 -2.04 0 1 456.84
2 153.64 154.32 153.98 0.68 1 0 377.56
8 155.00 154.32 154.66 -0.68 1 0 653.20
1 152.96 155.00 153.98 2.04 1 0 656.06
6 154.32 156.36 155.34 2.04 0 1 516.18
16 157.04 155.00 156.02 -2.04 0 1 638.55
9 155.00 155.68 155.34 0.68 1 0 594.29
12 155.68 155.00 154.66 -0.68 1 0 862.52
10 155.00 157.04 156.02 2.04 1 0 816.31
13 155.68 156.36 156.02 0.68 0 1 1191.70
15 156.36 155.68 156.02 -0.68 0 1 951.49
11 155.68 153.64 154.66 -2.04 0 1 907.51
7 155.00 152.96 153.98 -2.04 1 0 874.25
2 153.64 154.32 153.98 0.68 1 0 1010.38
13 155.68 156.36 156.02 0.68 0 1 576.80
6 154.32 156.36 155.34 2.04 0 1 1308.31
10 155.00 157.04 156.02 2.04 0 1 790.00
12 155.68 155.00 154.66 -0.68 0 1 763.30
3 153.64 155.68 154.66 2.04 1 0 669.57
9 155.00 155.68 155.34 0.68 0 1 764.25
8 155.00 154.32 154.66 -0.68 0 1 799.72
14 156.36 154.32 155.34 -2.04 0 1 695.52
15 156.36 155.68 156.02 -0.68 0 1 635.10
11 155.68 153.64 154.66 -2.04 0 1 811.65
5 154.32 155.00 154.66 0.68 0 1 1076.39
16 157.04 155.00 156.02 -2.04 0 1 758.79
7 155.00 152.96 153.98 -2.04 1 0 839.06
4 154.32 153.64 153.98 -0.68 1 0 899.77
1 152.96 155.00 153.98 2.04 1 0 806.10
7 155.00 152.96 153.98 -2.04 1 0 727.77
11 155.68 153.64 154.66 -2.04 1 0 795.32
12 155.68 155.00 154.66 -0.68 1 0 833.77
9 155.00 155.68 155.34 0.68 1 0 1136.97
3 153.64 155.68 154.66 2.04 1 0 851.52
10 155.00 157.04 156.02 2.04 1 0 854.32
2 153.64 154.32 153.98 0.68 1 0 863.07
4 154.32 153.64 153.98 -0.68 1 0 1081.92
6 154.32 156.36 155.34 2.04 1 0 823.69
5 154.32 155.00 154.66 0.68 0 1 1304.35
14 156.36 154.32 155.34 -2.04 0 1 1020.59
15 156.36 155.68 156.02 -0.68 0 1 739.07
16 157.04 155.00 156.02 -2.04 0 1 626.62
13 155.68 156.36 156.02 0.68 0 1 658.53
8 155.00 154.32 154.66 -0.68 1 0 848.68
1 152.96 155.00 153.98 2.04 1 0 690.09
5 154.32 155.00 154.66 0.68 1 0 737.42
6 154.32 156.36 155.34 2.04 1 0 825.32
11 155.68 153.64 154.66 -2.04 0 1 759.46
15 156.36 155.68 156.02 -0.68 0 1 695.17
8 155.00 154.32 154.66 -0.68 1 0 717.61
12 155.68 155.00 154.66 -0.68 0 1 839.94
3 153.64 155.68 154.66 2.04 0 1 706.14
4 154.32 153.64 153.98 -0.68 1 0 931.00
2 153.64 154.32 153.98 0.68 1 0 907.05
13 155.68 156.36 156.02 0.68 0 1 849.91
14 156.36 154.32 155.34 -2.04 0 1 802.00
9 155.00 155.68 155.34 0.68 0 1 591.37
7 155.00 152.96 153.98 -2.04 1 0 701.36
1 152.96 155.00 153.98 2.04 1 0 694.77
10 155.00 157.04 156.02 2.04 0 1 602.35
16 157.04 155.00 156.02 -2.04 0 1 598.63
