14 157.27 153.87 155.57 -3.40 1 0 2989.15
7 155.00 151.60 153.30 -3.40 1 0 2210.92
10 155.00 158.40 156.70 3.40 1 0 3348.29
15 157.27 156.13 156.70 -1.14 0 1 1105.59
11 156.13 152.73 154.43 -3.40 1 0 1153.21
4 153.87 152.73 153.30 -1.14 0 1 1819.16
2 152.73 153.87 153.30 1.14 1 0 2200.67
13 156.13 157.27 156.70 1.14 0 1 2450.98
8 155.00 153.87 154.44 -1.13 1 0 980.71
12 156.13 155.00 155.57 -1.13 0 1 1279.81
16 158.40 155.00 156.70 -3.40 1 0 1187.85
5 153.87 155.00 154.44 1.13 1 0 2002.53
9 155.00 156.13 155.57 1.13 0 1 1028.43
3 152.73 156.13 154.43 3.40 0 1 1391.92
6 153.87 157.27 155.57 3.40 0 1 2148.25
1 151.60 155.00 153.30 3.40 1 0 994.53
11 156.13 152.73 154.43 -3.40 1 0 1398.27
8 155.00 153.87 154.44 -1.13 0 1 774.00
3 152.73 156.13 154.43 3.40 1 0 1389.72
13 156.13 157.27 156.70 1.14 0 1 1983.30
6 153.87 157.27 155.57 3.40 0 1 1164.06
5 153.87 155.00 154.44 1.13 0 1 1389.45
7 155.00 151.60 153.30 -3.40 1 0 1983.48
9 155.00 156.13 155.57 1.13 0 1 1007.54
15 157.27 156.13 156.70 -1.14 0 1 1212.37
12 156.13 155.00 155.57 -1.13 1 0 1681.89
2 152.73 153.87 153.30 1.14 0 1 646.12
1 151.60 155.00 153.30 3.40 0 1 1248.79
10 155.00 158.40 156.70 3.40 0 1 1612.35
14 157.27 153.87 155.57 -3.40 0 1 1432.09
16 158.40 155.00 156.70 -3.40 1 0 1100.91
4 153.87 152.73 153.30 -1.14 0 1 1598.45
5 153.87 155.00 154.44 1.13 0 1 1770.77
14 157.27 153.87 155.57 -3.40 1 0 2499.52
10 155.00 158.40 156.70 3.40 0 1 1683.05
9 155.00 156.13 155.57 1.13 0 1 1859.17
13 156.13 157.27 156.70 1.14 1 0 2390.63
4 153.87 152.73 153.30 -1.14 1 0 2597.17
8 155.00 153.87 154.44 -1.13 0 1 1797.81
7 155.00 151.60 153.30 -3.40 1 0 1701.03
15 157.27 156.13 156.70 -1.14 0 1 1599.75
11 156.13 152.73 154.43 -3.40 0 1 1292.49
12 156.13 155.00 155.57 -1.13 1 0 1968.84
6 153.87 157.27 155.57 3.40 0 1 3740.71
3 152.73 156.13 154.43 3.40 0 1 1127.19
2 152.73 153.87 153.30 1.14 1 0 3682.55
1 151.60 155.00 153.30 3.40 1 0 3698.28
16 158.40 155.00 156.70 -3.40 0 1 3479.00
9 155.00 156.13 155.57 1.13 1 0 3969.37
5 153.87 155.00 154.44 1.13 0 1 935.31
3 152.73 156.13 154.43 3.40 1 0 1753.15
10 155.00 158.40 156.70 3.40 0 1 4847.87
12 156.13 155.00 155.57 -1.13 0 1 2484.49
2 152.73 153.87 153.30 1.14 0 1 3001.95
11 156.13 152.73 154.43 -3.40 1 0 1043.15
4 153.87 152.73 153.30 -1.14 1 0 888.30
15 157.27 156.13 156.70 -1.14 0 1 4182.81
8 155.00 153.87 154.44 -1.13 1 0 1863.77
14 157.27 153.87 155.57 -3.40 1 0 1753.78
7 155.00 151.60 153.30 -3.40 0 1 2557.39
6 153.87 157.27 155.57 3.40 1 0 1975.56
13 156.13 157.27 156.70 1.14 1 0 1513.17
1 151.60 155.00 153.30 3.40 0 1 4229.66
16 158.40 155.00 156.70 -3.40 1 0 7317.20
2 152.73 153.87 153.30 1.14 1 0 5518.48
8 155.00 153.87 154.44 -1.13 0 1 956.22
10 155.00 158.40 156.70 3.40 1 0 1324.10
11 156.13 152.73 154.43 -3.40 0 1 1108.99
12 156.13 155.00 155.57 -1.13 1 0 1120.83
7 155.00 151.60 153.30 -3.40 1 0 997.73
3 152.73 156.13 154.43 3.40 0 1 922.73
16 158.40 155.00 156.70 -3.40 1 0 2872.82
5 153.87 155.00 154.44 1.13 1 0 2658.79
15 157.27 156.13 156.70 -1.14 1 0 2124.14
4 153.87 152.73 153.30 -1.14 0 1 1495.91
6 153.87 157.27 155.57 3.40 1 0 2113.91
1 151.60 155.00 153.30 3.40 0 1 1236.86
13 156.13 157.27 156.70 1.14 0 1 1396.25
14 157.27 153.87 155.57 -3.40 1 0 1241.29
9 155.00 156.13 155.57 1.13 0 1 921.87
5 153.87 155.00 154.44 1.13 1 0 797.32
12 156.13 155.00 155.57 -1.13 0 1 1885.43
15 157.27 156.13 156.70 -1.14 1 0 9558.55
10 155.00 158.40 156.70 3.40 1 0 1513.31
4 153.87 152.73 153.30 -1.14 0 1 738.63
2 152.73 153.87 153.30 1.14 0 1 1148.86
14 157.27 153.87 155.57 -3.40 1 0 1474.44
11 156.13 152.73 154.43 -3.40 1 0 1273.39
13 156.13 157.27 156.70 1.14 1 0 1767.46
7 155.00 151.60 153.30 -3.40 0 1 1387.48
16 158.40 155.00 156.70 -3.40 1 0 989.22
6 153.87 157.27 155.57 3.40 1 0 2582.45
9 155.00 156.13 155.57 1.13 1 0 2250.36
8 155.00 153.87 154.44 -1.13 1 0 3056.71
3 152.73 156.13 154.43 3.40 0 1 1459.21
1 151.60 155.00 153.30 3.40 0 1 3180.61
2 152.73 153.87 153.30 1.14 0 1 1074.29
13 156.13 157.27 156.70 1.14 1 0 677.54
8 155.00 153.87 154.44 -1.13 1 0 1635.55
7 155.00 151.60 153.30 -3.40 0 1 3133.46
6 153.87 157.27 155.57 3.40 0 1 1171.43
9 155.00 156.13 155.57 1.13 1 0 2911.89
12 156.13 155.00 155.57 -1.13 1 0 1571.62
14 157.27 153.87 155.57 -3.40 1 0 1047.48
11 156.13 152.73 154.43 -3.40 1 0 1695.60
16 158.40 155.00 156.70 -3.40 1 0 2629.14
10 155.00 158.40 156.70 3.40 0 1 1813.82
5 153.87 155.00 154.44 1.13 1 0 2029.03
4 153.87 152.73 153.30 -1.14 0 1 1419.96
15 157.27 156.13 156.70 -1.14 1 0 1114.27
3 152.73 156.13 154.43 3.40 0 1 1917.86
1 151.60 155.00 153.30 3.40 0 1 816.49
13 156.13 157.27 156.70 1.14 1 0 861.38
3 152.73 156.13 154.43 3.40 1 0 1262.93
8 155.00 153.87 154.44 -1.13 0 1 1093.32
5 153.87 155.00 154.44 1.13 1 0 399.30
7 155.00 151.60 153.30 -3.40 1 0 1351.75
11 156.13 152.73 154.43 -3.40 1 0 931.66
4 153.87 152.73 153.30 -1.14 0 1 1064.44
6 153.87 157.27 155.57 3.40 1 0 912.76
14 157.27 153.87 155.57 -3.40 1 0 993.62
16 158.40 155.00 156.70 -3.40 1 0 742.73
10 155.00 158.40 156.70 3.40 1 0 1650.23
15 157.27 156.13 156.70 -1.14 1 0 1484.51
12 156.13 155.00 155.57 -1.13 1 0 5184.79
9 155.00 156.13 155.57 1.13 0 1 6372.15
2 152.73 153.87 153.30 1.14 0 1 1175.28
1 151.60 155.00 153.30 3.40 0 1 861.21
15 157.27 156.13 156.70 -1.14 1 0 727.96
11 156.13 152.73 154.43 -3.40 1 0 1164.66
1 151.60 155.00 153.30 3.40 0 1 790.31
4 153.87 152.73 153.30 -1.14 1 0 1711.44
8 155.00 153.87 154.44 -1.13 1 0 1127.83
3 152.73 156.13 154.43 3.40 0 1 757.70
12 156.13 155.00 155.57 -1.13 1 0 748.91
6 153.87 157.27 155.57 3.40 1 0 942.78
13 156.13 157.27 156.70 1.14 1 0 951.80
2 152.73 153.87 153.30 1.14 0 1 903.20
10 155.00 158.40 156.70 3.40 1 0 964.87
5 153.87 155.00 154.44 1.13 0 1 1144.46
14 157.27 153.87 155.57 -3.40 1 0 1244.16
9 155.00 156.13 155.57 1.13 0 1 1908.99
7 155.00 151.60 153.30 -3.40 1 0 3102.67
16 158.40 155.00 156.70 -3.40 0 1 1558.73
16 158.40 155.00 156.70 -3.40 1 0 1683.29
3 152.73 156.13 154.43 3.40 0 1 1904.30
4 153.87 152.73 153.30 -1.14 1 0 1583.30
1 151.60 155.00 153.30 3.40 0 1 872.84
10 155.00 158.40 156.70 3.40 1 0 1199.15
7 155.00 151.60 153.30 -3.40 0 1 1141.40
14 157.27 153.87 155.57 -3.40 1 0 845.92
9 155.00 156.13 155.57 1.13 1 0 1436.76
8 155.00 153.87 154.44 -1.13 0 1 1033.34
15 157.27 156.13 156.70 -1.14 1 0 641.61
2 152.73 153.87 153.30 1.14 0 1 1036.49
11 156.13 152.73 154.43 -3.40 1 0 1443.05
5 153.87 155.00 154.44 1.13 0 1 1717.24
12 156.13 155.00 155.57 -1.13 1 0 1003.59
6 153.87 157.27 155.57 3.40 0 1 1124.81
13 156.13 157.27 156.70 1.14 1 0 690.73
10 155.00 158.40 156.70 3.40 1 0 1623.24
12 156.13 155.00 155.57 -1.13 1 0 946.84
13 156.13 157.27 156.70 1.14 1 0 1770.19
2 152.73 153.87 153.30 1.14 0 1 1237.20
15 157.27 156.13 156.70 -1.14 1 0 799.81
8 155.00 153.87 154.44 -1.13 1 0 1824.30
3 152.73 156.13 154.43 3.40 0 1 928.57
14 157.27 153.87 155.57 -3.40 1 0 699.69
7 155.00 151.60 153.30 -3.40 1 0 938.04
5 153.87 155.00 154.44 1.13 0 1 1773.47
6 153.87 157.27 155.57 3.40 1 0 1560.76
4 153.87 152.73 153.30 -1.14 0 1 1036.76
11 156.13 152.73 154.43 -3.40 0 1 1334.86
9 155.00 156.13 155.57 1.13 1 0 1452.51
16 158.40 155.00 156.70 -3.40 1 0 1062.14
1 151.60 155.00 153.30 3.40 0 1 1002.70
9 155.00 156.13 155.57 1.13 1 0 1215.97
4 153.87 152.73 153.30 -1.14 1 0 1404.89
6 153.87 157.27 155.57 3.40 0 1 1660.57
2 152.73 153.87 153.30 1.14 0 1 1314.58
12 156.13 155.00 155.57 -1.13 0 1 1001.92
13 156.13 157.27 156.70 1.14 0 1 1278.01
15 157.27 156.13 156.70 -1.14 0 1 1350.35
14 157.27 153.87 155.57 -3.40 1 0 1139.01
10 155.00 158.40 156.70 3.40 1 0 2041.52
3 152.73 156.13 154.43 3.40 0 1 1268.60
1 151.60 155.00 153.30 3.40 0 1 2181.99
7 155.00 151.60 153.30 -3.40 0 1 3159.36
5 153.87 155.00 154.44 1.13 1 0 2453.15
16 158.40 155.00 156.70 -3.40 0 1 3780.82
11 156.13 152.73 154.43 -3.40 0 1 1472.57
8 155.00 153.87 154.44 -1.13 1 0 1884.99
15 157.27 156.13 156.70 -1.14 1 0 1236.01
1 151.60 155.00 153.30 3.40 0 1 851.77
10 155.00 158.40 156.70 3.40 1 0 1550.81
13 156.13 157.27 156.70 1.14 1 0 1283.00
4 153.87 152.73 153.30 -1.14 0 1 973.76
12 156.13 155.00 155.57 -1.13 0 1 820.43
6 153.87 157.27 155.57 3.40 0 1 933.53
5 153.87 155.00 154.44 1.13 0 1 1484.28
7 155.00 151.60 153.30 -3.40 0 1 1686.90
14 157.27 153.87 155.57 -3.40 1 0 1216.15
16 158.40 155.00 156.70 -3.40 1 0 1639.29
11 156.13 152.73 154.43 -3.40 1 0 6483.72
8 155.00 153.87 154.44 -1.13 1 0 826.84
3 152.73 156.13 154.43 3.40 0 1 633.47
2 152.73 153.87 153.30 1.14 0 1 581.19
9 155.00 156.13 155.57 1.13 0 1 745.81
9 155.00 156.13 155.57 1.13 1 0 871.31
2 152.73 153.87 153.30 1.14 0 1 1002.10
15 157.27 156.13 156.70 -1.14 0 1 1684.24
14 157.27 153.87 155.57 -3.40 1 0 850.39
8 155.00 153.87 154.44 -1.13 0 1 1001.03
13 156.13 157.27 156.70 1.14 1 0 782.58
3 152.73 156.13 154.43 3.40 0 1 1595.30
10 155.00 158.40 156.70 3.40 1 0 721.41
5 153.87 155.00 154.44 1.13 0 1 1067.54
4 153.87 152.73 153.30 -1.14 1 0 1284.44
6 153.87 157.27 155.57 3.40 1 0 1327.22
16 158.40 155.00 156.70 -3.40 1 0 1176.31
12 156.13 155.00 155.57 -1.13 0 1 1752.48
7 155.00 151.60 153.30 -3.40 1 0 1959.40
11 156.13 152.73 154.43 -3.40 1 0 661.40
1 151.60 155.00 153.30 3.40 0 1 877.54
11 156.13 152.73 154.43 -3.40 1 0 946.09
9 155.00 156.13 155.57 1.13 1 0 949.48
2 152.73 153.87 153.30 1.14 0 1 1099.73
14 157.27 153.87 155.57 -3.40 1 0 728.59
6 153.87 157.27 155.57 3.40 1 0 725.77
4 153.87 152.73 153.30 -1.14 0 1 629.83
3 152.73 156.13 154.43 3.40 1 0 885.86
5 153.87 155.00 154.44 1.13 1 0 716.66
8 155.00 153.87 154.44 -1.13 1 0 734.73
12 156.13 155.00 155.57 -1.13 1 0 1102.33
10 155.00 158.40 156.70 3.40 0 1 1936.13
13 156.13 157.27 156.70 1.14 1 0 1493.76
16 158.40 155.00 156.70 -3.40 1 0 1866.20
7 155.00 151.60 153.30 -3.40 1 0 1265.53
15 157.27 156.13 156.70 -1.14 0 1 1261.07
1 151.60 155.00 153.30 3.40 1 0 961.36
13 156.13 157.27 156.70 1.14 1 0 1920.44
10 155.00 158.40 156.70 3.40 0 1 1301.60
9 155.00 156.13 155.57 1.13 0 1 2059.73
11 156.13 152.73 154.43 -3.40 1 0 1285.05
12 156.13 155.00 155.57 -1.13 1 0 692.01
2 152.73 153.87 153.30 1.14 1 0 1576.91
14 157.27 153.87 155.57 -3.40 1 0 1033.05
1 151.60 155.00 153.30 3.40 1 0 725.54
5 153.87 155.00 154.44 1.13 1 0 640.81
4 153.87 152.73 153.30 -1.14 1 0 565.48
15 157.27 156.13 156.70 -1.14 1 0 628.08
8 155.00 153.87 154.44 -1.13 1 0 762.35
6 153.87 157.27 155.57 3.40 0 1 1285.41
3 152.73 156.13 154.43 3.40 0 1 726.68
16 158.40 155.00 156.70 -3.40 0 1 848.26
7 155.00 151.60 153.30 -3.40 1 0 744.56
5 153.87 155.00 154.44 1.13 1 0 823.79
12 156.13 155.00 155.57 -1.13 0 1 549.43
14 157.27 153.87 155.57 -3.40 0 1 808.54
7 155.00 151.60 153.30 -3.40 1 0 628.93
15 157.27 156.13 156.70 -1.14 0 1 845.59
9 155.00 156.13 155.57 1.13 0 1 979.35
2 152.73 153.87 153.30 1.14 0 1 794.67
10 155.00 158.40 156.70 3.40 0 1 1023.27
4 153.87 152.73 153.30 -1.14 1 0 979.56
11 156.13 152.73 154.43 -3.40 1 0 682.68
13 156.13 157.27 156.70 1.14 0 1 959.64
3 152.73 156.13 154.43 3.40 1 0 979.84
8 155.00 153.87 154.44 -1.13 1 0 1136.91
16 158.40 155.00 156.70 -3.40 1 0 883.51
6 153.87 157.27 155.57 3.40 0 1 946.58
1 151.60 155.00 153.30 3.40 1 0 951.76
5 153.87 155.00 154.44 1.13 0 1 817.09
9 155.00 156.13 155.57 1.13 0 1 733.08
14 157.27 153.87 155.57 -3.40 1 0 1064.65
2 152.73 153.87 153.30 1.14 1 0 1024.98
15 157.27 156.13 156.70 -1.14 1 0 1131.85
3 152.73 156.13 154.43 3.40 1 0 1177.99
13 156.13 157.27 156.70 1.14 0 1 630.80
7 155.00 151.60 153.30 -3.40 1 0 1013.49
4 153.87 152.73 153.30 -1.14 1 0 1042.36
10 155.00 158.40 156.70 3.40 0 1 903.09
16 158.40 155.00 156.70 -3.40 1 0 834.22
8 155.00 153.87 154.44 -1.13 1 0 784.04
11 156.13 152.73 154.43 -3.40 1 0 710.64
6 153.87 157.27 155.57 3.40 1 0 786.09
12 156.13 155.00 155.57 -1.13 1 0 866.43
1 151.60 155.00 153.30 3.40 1 0 669.63
