11 156.13 152.73 154.43 -3.40 0 1 6377.73
13 156.13 157.27 156.70 1.14 0 1 3510.50
5 153.87 155.00 154.44 1.13 0 1 2823.91
2 152.73 153.87 153.30 1.14 0 1 3387.82
3 152.73 156.13 154.43 3.40 0 1 5619.16
8 155.00 153.87 154.44 -1.13 1 0 5026.16
7 155.00 151.60 153.30 -3.40 0 1 5746.15
14 157.27 153.87 155.57 -3.40 0 1 3579.23
4 153.87 152.73 153.30 -1.14 1 0 3339.75
1 151.60 155.00 153.30 3.40 0 1 1575.91
12 156.13 155.00 155.57 -1.13 0 1 1530.48
10 155.00 158.40 156.70 3.40 1 0 8084.41
6 153.87 157.27 155.57 3.40 1 0 7249.89
9 155.00 156.13 155.57 1.13 1 0 4513.96
15 157.27 156.13 156.70 -1.14 0 1 2723.73
16 158.40 155.00 156.70 -3.40 1 0 10142.53
10 155.00 158.40 156.70 3.40 1 0 3746.42
14 157.27 153.87 155.57 -3.40 1 0 3180.85
8 155.00 153.87 154.44 -1.13 1 0 3454.94
9 155.00 156.13 155.57 1.13 1 0 6910.95
4 153.87 152.73 153.30 -1.14 0 1 8285.52
11 156.13 152.73 154.43 -3.40 0 1 3554.42
15 157.27 156.13 156.70 -1.14 0 1 2230.29
13 156.13 157.27 156.70 1.14 0 1 5087.60
2 152.73 153.87 153.30 1.14 1 0 3427.42
1 151.60 155.00 153.30 3.40 1 0 1137.68
6 153.87 157.27 155.57 3.40 1 0 3382.98
3 152.73 156.13 154.43 3.40 0 1 2212.53
7 155.00 151.60 153.30 -3.40 0 1 4258.77
5 153.87 155.00 154.44 1.13 1 0 11477.93
12 156.13 155.00 155.57 -1.13 1 0 4671.82
16 158.40 155.00 156.70 -3.40 1 0 1271.42
10 155.00 158.40 156.70 3.40 1 0 1432.82
4 153.87 152.73 153.30 -1.14 0 1 2074.73
3 152.73 156.13 154.43 3.40 0 1 2741.23
6 153.87 157.27 155.57 3.40 1 0 1507.01
5 153.87 155.00 154.44 1.13 1 0 973.21
9 155.00 156.13 155.57 1.13 1 0 2383.18
11 156.13 152.73 154.43 -3.40 1 0 1411.48
2 152.73 153.87 153.30 1.14 0 1 1446.42
15 157.27 156.13 156.70 -1.14 1 0 2112.71
14 157.27 153.87 155.57 -3.40 1 0 1574.74
7 155.00 151.60 153.30 -3.40 1 0 3640.88
12 156.13 155.00 155.57 -1.13 1 0 3077.25
13 156.13 157.27 156.70 1.14 1 0 3844.87
8 155.00 153.87 154.44 -1.13 1 0 1724.27
1 151.60 155.00 153.30 3.40 1 0 3883.83
16 158.40 155.00 156.70 -3.40 1 0 1214.56
16 158.40 155.00 156.70 -3.40 1 0 1268.16
14 157.27 153.87 155.57 -3.40 1 0 2013.60
13 156.13 157.27 156.70 1.14 1 0 4505.18
9 155.00 156.13 155.57 1.13 1 0 3302.76
7 155.00 151.60 153.30 -3.40 0 1 2126.37
3 152.73 156.13 154.43 3.40 0 1 906.57
11 156.13 152.73 154.43 -3.40 1 0 2245.41
5 153.87 155.00 154.44 1.13 1 0 3086.03
2 152.73 153.87 153.30 1.14 0 1 813.54
10 155.00 158.40 156.70 3.40 1 0 2849.76
6 153.87 157.27 155.57 3.40 1 0 2262.18
15 157.27 156.13 156.70 -1.14 1 0 1424.27
8 155.00 153.87 154.44 -1.13 0 1 3833.95
12 156.13 155.00 155.57 -1.13 1 0 942.22
1 151.60 155.00 153.30 3.40 0 1 1452.23
4 153.87 152.73 153.30 -1.14 0 1 2180.56
13 156.13 157.27 156.70 1.14 1 0 1061.42
2 152.73 153.87 153.30 1.14 0 1 2576.94
7 155.00 151.60 153.30 -3.40 1 0 1067.33
5 153.87 155.00 154.44 1.13 1 0 1069.06
12 156.13 155.00 155.57 -1.13 1 0 1543.53
3 152.73 156.13 154.43 3.40 0 1 1850.48
9 155.00 156.13 155.57 1.13 1 0 3324.62
10 155.00 158.40 156.70 3.40 1 0 1502.24
1 151.60 155.00 153.30 3.40 0 1 695.70
8 155.00 153.87 154.44 -1.13 0 1 1787.18
11 156.13 152.73 154.43 -3.40 1 0 1172.63
14 157.27 153.87 155.57 -3.40 1 0 1578.91
6 153.87 157.27 155.57 3.40 0 1 955.13
16 158.40 155.00 156.70 -3.40 1 0 893.28
15 157.27 156.13 156.70 -1.14 1 0 930.19
4 153.87 152.73 153.30 -1.14 1 0 2626.21
13 156.13 157.27 156.70 1.14 1 0 971.17
6 153.87 157.27 155.57 3.40 1 0 948.03
11 156.13 152.73 154.43 -3.40 1 0 2398.72
2 152.73 153.87 153.30 1.14 0 1 829.70
12 156.13 155.00 155.57 -1.13 1 0 1332.31
8 155.00 153.87 154.44 -1.13 1 0 893.97
15 157.27 156.13 156.70 -1.14 1 0 835.96
5 153.87 155.00 154.44 1.13 0 1 1228.73
7 155.00 151.60 153.30 -3.40 0 1 699.38
3 152.73 156.13 154.43 3.40 0 1 1991.13
9 155.00 156.13 155.57 1.13 1 0 1117.49
14 157.27 153.87 155.57 -3.40 1 0 878.24
10 155.00 158.40 156.70 3.40 0 1 1776.95
1 151.60 155.00 153.30 3.40 0 1 676.73
16 158.40 155.00 156.70 -3.40 1 0 673.43
4 153.87 152.73 153.30 -1.14 0 1 1603.53
1 151.60 155.00 153.30 3.40 0 1 1281.92
14 157.27 153.87 155.57 -3.40 1 0 879.66
5 153.87 155.00 154.44 1.13 0 1 634.90
11 156.13 152.73 154.43 -3.40 1 0 864.74
6 153.87 157.27 155.57 3.40 0 1 2370.98
13 156.13 157.27 156.70 1.14 0 1 1757.99
15 157.27 156.13 156.70 -1.14 1 0 2439.58
7 155.00 151.60 153.30 -3.40 1 0 2699.22
3 152.73 156.13 154.43 3.40 0 1 1385.09
10 155.00 158.40 156.70 3.40 0 1 1869.55
2 152.73 153.87 153.30 1.14 0 1 2104.83
9 155.00 156.13 155.57 1.13 0 1 2752.12
8 155.00 153.87 154.44 -1.13 1 0 1248.21
4 153.87 152.73 153.30 -1.14 0 1 1484.52
12 156.13 155.00 155.57 -1.13 1 0 1149.71
16 158.40 155.00 156.70 -3.40 1 0 728.72
3 152.73 156.13 154.43 3.40 0 1 829.59
12 156.13 155.00 155.57 -1.13 1 0 1558.53
13 156.13 157.27 156.70 1.14 1 0 827.21
4 153.87 152.73 153.30 -1.14 0 1 722.00
7 155.00 151.60 153.30 -3.40 1 0 1499.77
1 151.60 155.00 153.30 3.40 0 1 861.84
6 153.87 157.27 155.57 3.40 0 1 2256.61
8 155.00 153.87 154.44 -1.13 1 0 1037.39
10 155.00 158.40 156.70 3.40 1 0 2634.12
9 155.00 156.13 155.57 1.13 0 1 4592.79
15 157.27 156.13 156.70 -1.14 1 0 878.11
14 157.27 153.87 155.57 -3.40 1 0 710.97
2 152.73 153.87 153.30 1.14 0 1 528.86
11 156.13 152.73 154.43 -3.40 1 0 746.59
5 153.87 155.00 154.44 1.13 1 0 1969.85
16 158.40 155.00 156.70 -3.40 1 0 2239.22
4 153.87 152.73 153.30 -1.14 0 1 1753.24
5 153.87 155.00 154.44 1.13 0 1 868.49
7 155.00 151.60 153.30 -3.40 1 0 1411.15
12 156.13 155.00 155.57 -1.13 1 0 1403.51
9 155.00 156.13 155.57 1.13 0 1 853.63
8 155.00 153.87 154.44 -1.13 0 1 2400.10
15 157.27 156.13 156.70 -1.14 1 0 1233.11
1 151.60 155.00 153.30 3.40 0 1 1423.00
11 156.13 152.73 154.43 -3.40 1 0 1224.55
3 152.73 156.13 154.43 3.40 0 1 897.34
16 158.40 155.00 156.70 -3.40 1 0 931.40
6 153.87 157.27 155.57 3.40 0 1 774.45
10 155.00 158.40 156.70 3.40 1 0 1787.85
2 152.73 153.87 153.30 1.14 0 1 871.91
14 157.27 153.87 155.57 -3.40 1 0 950.38
13 156.13 157.27 156.70 1.14 1 0 2407.24
16 158.40 155.00 156.70 -3.40 1 0 1288.59
10 155.00 158.40 156.70 3.40 0 1 1759.64
13 156.13 157.27 156.70 1.14 1 0 820.93
12 156.13 155.00 155.57 -1.13 1 0 2221.95
11 156.13 152.73 154.43 -3.40 1 0 1230.99
15 157.27 156.13 156.70 -1.14 1 0 1470.84
9 155.00 156.13 155.57 1.13 0 1 811.31
7 155.00 151.60 153.30 -3.40 0 1 1958.65
8 155.00 153.87 154.44 -1.13 0 1 947.70
3 152.73 156.13 154.43 3.40 0 1 2697.37
2 152.73 153.87 153.30 1.14 1 0 1624.10
5 153.87 155.00 154.44 1.13 0 1 1192.35
6 153.87 157.27 155.57 3.40 1 0 1088.54
4 153.87 152.73 153.30 -1.14 1 0 2515.38
1 151.60 155.00 153.30 3.40 0 1 823.79
14 157.27 153.87 155.57 -3.40 1 0 921.02
12 156.13 155.00 155.57 -1.13 1 0 1057.75
13 156.13 157.27 156.70 1.14 1 0 2093.58
4 153.87 152.73 153.30 -1.14 0 1 992.70
2 152.73 153.87 153.30 1.14 0 1 846.04
10 155.00 158.40 156.70 3.40 1 0 1298.28
3 152.73 156.13 154.43 3.40 0 1 1179.65
15 157.27 156.13 156.70 -1.14 1 0 762.45
8 155.00 153.87 154.44 -1.13 1 0 945.17
5 153.87 155.00 154.44 1.13 0 1 670.13
7 155.00 151.60 153.30 -3.40 1 0 950.29
9 155.00 156.13 155.57 1.13 1 0 1913.91
11 156.13 152.73 154.43 -3.40 1 0 1365.37
16 158.40 155.00 156.70 -3.40 1 0 679.51
1 151.60 155.00 153.30 3.40 0 1 786.31
14 157.27 153.87 155.57 -3.40 1 0 692.78
6 153.87 157.27 155.57 3.40 1 0 1088.09
11 156.13 152.73 154.43 -3.40 1 0 720.18
5 153.87 155.00 154.44 1.13 0 1 2423.78
15 157.27 156.13 156.70 -1.14 1 0 790.85
4 153.87 152.73 153.30 -1.14 0 1 1169.83
12 156.13 155.00 155.57 -1.13 1 0 2078.91
8 155.00 153.87 154.44 -1.13 1 0 918.89
6 153.87 157.27 155.57 3.40 1 0 1449.26
2 152.73 153.87 153.30 1.14 0 1 588.39
13 156.13 157.27 156.70 1.14 1 0 836.32
10 155.00 158.40 156.70 3.40 1 0 1442.56
3 152.73 156.13 154.43 3.40 0 1 694.12
7 155.00 151.60 153.30 -3.40 1 0 1674.63
1 151.60 155.00 153.30 3.40 0 1 1828.18
16 158.40 155.00 156.70 -3.40 1 0 1150.45
9 155.00 156.13 155.57 1.13 1 0 2686.10
14 157.27 153.87 155.57 -3.40 1 0 940.08
7 155.00 151.60 153.30 -3.40 1 0 1313.29
12 156.13 155.00 155.57 -1.13 0 1 2414.68
3 152.73 156.13 154.43 3.40 0 1 716.67
2 152.73 153.87 153.30 1.14 0 1 1142.53
6 153.87 157.27 155.57 3.40 0 1 708.93
13 156.13 157.27 156.70 1.14 1 0 694.16
16 158.40 155.00 156.70 -3.40 1 0 607.60
10 155.00 158.40 156.70 3.40 1 0 1348.59
15 157.27 156.13 156.70 -1.14 1 0 908.80
14 157.27 153.87 155.57 -3.40 1 0 2001.28
5 153.87 155.00 154.44 1.13 0 1 2712.76
8 155.00 153.87 154.44 -1.13 0 1 2164.67
9 155.00 156.13 155.57 1.13 1 0 2200.57
11 156.13 152.73 154.43 -3.40 1 0 809.07
4 153.87 152.73 153.30 -1.14 0 1 1163.01
1 151.60 155.00 153.30 3.40 0 1 669.26
3 152.73 156.13 154.43 3.40 1 0 1202.39
11 156.13 152.73 154.43 -3.40 1 0 755.20
9 155.00 156.13 155.57 1.13 0 1 1269.39
13 156.13 157.27 156.70 1.14 1 0 684.34
5 153.87 155.00 154.44 1.13 1 0 1255.69
14 157.27 153.87 155.57 -3.40 1 0 708.55
16 158.40 155.00 156.70 -3.40 1 0 755.79
15 157.27 156.13 156.70 -1.14 1 0 1955.57
2 152.73 153.87 153.30 1.14 0 1 972.78
4 153.87 152.73 153.30 -1.14 0 1 1473.85
1 151.60 155.00 153.30 3.40 0 1 754.35
12 156.13 155.00 155.57 -1.13 0 1 1563.52
7 155.00 151.60 153.30 -3.40 1 0 2282.63
6 153.87 157.27 155.57 3.40 1 0 3320.07
8 155.00 153.87 154.44 -1.13 0 1 1640.83
10 155.00 158.40 156.70 3.40 1 0 1435.16
6 153.87 157.27 155.57 3.40 0 1 2493.88
9 155.00 156.13 155.57 1.13 0 1 2629.09
5 153.87 155.00 154.44 1.13 0 1 3954.50
3 152.73 156.13 154.43 3.40 1 0 2320.32
11 156.13 152.73 154.43 -3.40 1 0 828.08
13 156.13 157.27 156.70 1.14 0 1 1322.77
15 157.27 156.13 156.70 -1.14 1 0 887.52
12 156.13 155.00 155.57 -1.13 0 1 1261.63
10 155.00 158.40 156.70 3.40 1 0 1550.14
14 157.27 153.87 155.57 -3.40 1 0 963.53
2 152.73 153.87 153.30 1.14 0 1 607.07
4 153.87 152.73 153.30 -1.14 0 1 745.34
7 155.00 151.60 153.30 -3.40 0 1 749.49
1 151.60 155.00 153.30 3.40 0 1 517.76
16 158.40 155.00 156.70 -3.40 1 0 574.36
8 155.00 153.87 154.44 -1.13 0 1 1149.26
6 153.87 157.27 155.57 3.40 0 1 1113.81
3 152.73 156.13 154.43 3.40 0 1 731.61
13 156.13 157.27 156.70 1.14 1 0 971.05
9 155.00 156.13 155.57 1.13 1 0 1026.67
15 157.27 156.13 156.70 -1.14 1 0 652.12
16 158.40 155.00 156.70 -3.40 1 0 787.92
7 155.00 151.60 153.30 -3.40 0 1 1093.23
4 153.87 152.73 153.30 -1.14 0 1 732.48
8 155.00 153.87 154.44 -1.13 0 1 800.97
5 153.87 155.00 154.44 1.13 0 1 1442.49
11 156.13 152.73 154.43 -3.40 1 0 706.00
12 156.13 155.00 155.57 -1.13 1 0 1080.57
10 155.00 158.40 156.70 3.40 1 0 780.73
2 152.73 153.87 153.30 1.14 0 1 830.27
14 157.27 153.87 155.57 -3.40 0 1 760.07
1 151.60 155.00 153.30 3.40 0 1 2213.32
10 155.00 158.40 156.70 3.40 1 0 576.49
11 156.13 152.73 154.43 -3.40 1 0 564.09
15 157.27 156.13 156.70 -1.14 1 0 569.29
9 155.00 156.13 155.57 1.13 1 0 506.13
5 153.87 155.00 154.44 1.13 0 1 806.30
2 152.73 153.87 153.30 1.14 1 0 767.02
12 156.13 155.00 155.57 -1.13 1 0 770.42
3 152.73 156.13 154.43 3.40 0 1 577.91
13 156.13 157.27 156.70 1.14 1 0 1026.65
14 157.27 153.87 155.57 -3.40 1 0 763.12
16 158.40 155.00 156.70 -3.40 1 0 612.23
4 153.87 152.73 153.30 -1.14 0 1 987.47
1 151.60 155.00 153.30 3.40 0 1 795.30
6 153.87 157.27 155.57 3.40 1 0 1108.98
7 155.00 151.60 153.30 -3.40 0 1 952.16
8 155.00 153.87 154.44 -1.13 0 1 1247.66
2 152.73 153.87 153.30 1.14 0 1 1124.45
7 155.00 151.60 153.30 -3.40 1 0 1423.73
6 153.87 157.27 155.57 3.40 1 0 748.35
5 153.87 155.00 154.44 1.13 1 0 945.38
13 156.13 157.27 156.70 1.14 1 0 898.30
8 155.00 153.87 154.44 -1.13 0 1 787.70
11 156.13 152.73 154.43 -3.40 0 1 1316.15
15 157.27 156.13 156.70 -1.14 1 0 41.77
3 152.73 156.13 154.43 3.40 1 0 1201.25
9 155.00 156.13 155.57 1.13 1 0 1750.47
14 157.27 153.87 155.57 -3.40 1 0 795.80
4 153.87 152.73 153.30 -1.14 0 1 816.25
10 155.00 158.40 156.70 3.40 1 0 738.75
1 151.60 155.00 153.30 3.40 0 1 798.42
12 156.13 155.00 155.57 -1.13 1 0 711.18
16 158.40 155.00 156.70 -3.40 1 0 622.89
