13 156.13 157.27 156.70 1.14 0 1 662.09
11 156.13 152.73 154.43 -3.40 1 0 526.17
8 155.00 153.87 154.44 -1.13 1 0 5557.55
15 157.27 156.13 156.70 -1.14 1 0 444.60
10 155.00 158.40 156.70 3.40 0 1 1052.87
4 153.87 152.73 153.30 -1.14 0 1 3165.15
6 153.87 157.27 155.57 3.40 1 0 511.31
12 156.13 155.00 155.57 -1.13 0 1 3006.20
16 158.40 155.00 156.70 -3.40 0 1 697.62
5 153.87 155.00 154.44 1.13 1 0 1052.15
2 152.73 153.87 153.30 1.14 0 1 384.64
14 157.27 153.87 155.57 -3.40 1 0 960.17
1 151.60 155.00 153.30 3.40 1 0 326.77
3 152.73 156.13 154.43 3.40 1 0 500.11
9 155.00 156.13 155.57 1.13 1 0 242.07
7 155.00 151.60 153.30 -3.40 0 1 388.22
6 153.87 157.27 155.57 3.40 1 0 3221.37
13 156.13 157.27 156.70 1.14 0 1 1848.65
10 155.00 158.40 156.70 3.40 0 1 681.67
8 155.00 153.87 154.44 -1.13 0 1 2988.86
5 153.87 155.00 154.44 1.13 0 1 506.81
2 152.73 153.87 153.30 1.14 0 1 1092.14
4 153.87 152.73 153.30 -1.14 0 1 364.43
9 155.00 156.13 155.57 1.13 0 1 1221.44
12 156.13 155.00 155.57 -1.13 0 1 485.24
15 157.27 156.13 156.70 -1.14 0 1 526.06
16 158.40 155.00 156.70 -3.40 1 0 359.52
1 151.60 155.00 153.30 3.40 1 0 638.94
3 152.73 156.13 154.43 3.40 1 0 382.16
11 156.13 152.73 154.43 -3.40 1 0 480.74
14 157.27 153.87 155.57 -3.40 0 1 700.35
7 155.00 151.60 153.30 -3.40 0 1 924.11
14 157.27 153.87 155.57 -3.40 0 1 311.88
11 156.13 152.73 154.43 -3.40 0 1 290.02
10 155.00 158.40 156.70 3.40 1 0 1812.28
8 155.00 153.87 154.44 -1.13 1 0 509.70
15 157.27 156.13 156.70 -1.14 1 0 373.83
13 156.13 157.27 156.70 1.14 1 0 309.48
1 151.60 155.00 153.30 3.40 1 0 342.07
3 152.73 156.13 154.43 3.40 0 1 270.69
5 153.87 155.00 154.44 1.13 0 1 774.61
7 155.00 151.60 153.30 -3.40 0 1 2062.27
6 153.87 157.27 155.57 3.40 0 1 1362.11
2 152.73 153.87 153.30 1.14 0 1 211.69
4 153.87 152.73 153.30 -1.14 0 1 2999.71
9 155.00 156.13 155.57 1.13 0 1 6037.20
12 156.13 155.00 155.57 -1.13 0 1 375.93
16 158.40 155.00 156.70 -3.40 0 1 617.57
7 155.00 151.60 153.30 -3.40 0 1 209.83
11 156.13 152.73 154.43 -3.40 0 1 2720.11
2 152.73 153.87 153.30 1.14 0 1 661.98
4 153.87 152.73 153.30 -1.14 0 1 1494.81
14 157.27 153.87 155.57 -3.40 1 0 1268.54
8 155.00 153.87 154.44 -1.13 0 1 122.31
1 151.60 155.00 153.30 3.40 0 1 74.04
13 156.13 157.27 156.70 1.14 1 0 1490.60
6 153.87 157.27 155.57 3.40 1 0 1839.63
5 153.87 155.00 154.44 1.13 0 1 441.61
9 155.00 156.13 155.57 1.13 0 1 1709.08
3 152.73 156.13 154.43 3.40 1 0 800.81
15 157.27 156.13 156.70 -1.14 1 0 444.10
16 158.40 155.00 156.70 -3.40 1 0 535.52
10 155.00 158.40 156.70 3.40 1 0 550.87
12 156.13 155.00 155.57 -1.13 0 1 349.21
14 157.27 153.87 155.57 -3.40 0 1 501.72
9 155.00 156.13 155.57 1.13 1 0 629.25
16 158.40 155.00 156.70 -3.40 0 1 399.76
7 155.00 151.60 153.30 -3.40 1 0 313.84
5 153.87 155.00 154.44 1.13 1 0 1052.86
8 155.00 153.87 154.44 -1.13 1 0 509.42
3 152.73 156.13 154.43 3.40 0 1 446.52
12 156.13 155.00 155.57 -1.13 0 1 387.09
10 155.00 158.40 156.70 3.40 1 0 2969.48
13 156.13 157.27 156.70 1.14 1 0 395.91
2 152.73 153.87 153.30 1.14 0 1 702.81
6 153.87 157.27 155.57 3.40 0 1 607.63
15 157.27 156.13 156.70 -1.14 0 1 428.08
11 156.13 152.73 154.43 -3.40 1 0 400.16
4 153.87 152.73 153.30 -1.14 1 0 832.19
1 151.60 155.00 153.30 3.40 1 0 437.87
7 155.00 151.60 153.30 -3.40 0 1 324.53
8 155.00 153.87 154.44 -1.13 0 1 2493.98
10 155.00 158.40 156.70 3.40 0 1 441.64
2 152.73 153.87 153.30 1.14 1 0 1017.82
3 152.73 156.13 154.43 3.40 0 1 418.71
11 156.13 152.73 154.43 -3.40 0 1 376.31
4 153.87 152.73 153.30 -1.14 0 1 445.07
9 155.00 156.13 155.57 1.13 0 1 361.50
14 157.27 153.87 155.57 -3.40 0 1 357.18
12 156.13 155.00 155.57 -1.13 0 1 930.34
6 153.87 157.27 155.57 3.40 0 1 415.23
15 157.27 156.13 156.70 -1.14 0 1 439.09
13 156.13 157.27 156.70 1.14 1 0 303.46
1 151.60 155.00 153.30 3.40 1 0 1661.80
5 153.87 155.00 154.44 1.13 0 1 521.95
16 158.40 155.00 156.70 -3.40 0 1 939.72
11 156.13 152.73 154.43 -3.40 0 1 603.78
4 153.87 152.73 153.30 -1.14 1 0 210.80
2 152.73 153.87 153.30 1.14 1 0 617.76
5 153.87 155.00 154.44 1.13 1 0 221.21
15 157.27 156.13 156.70 -1.14 0 1 260.41
8 155.00 153.87 154.44 -1.13 1 0 364.74
10 155.00 158.40 156.70 3.40 1 0 369.29
7 155.00 151.60 153.30 -3.40 1 0 349.56
13 156.13 157.27 156.70 1.14 0 1 314.62
6 153.87 157.27 155.57 3.40 0 1 404.36
3 152.73 156.13 154.43 3.40 1 0 218.27
12 156.13 155.00 155.57 -1.13 1 0 279.58
1 151.60 155.00 153.30 3.40 1 0 2806.40
9 155.00 156.13 155.57 1.13 0 1 4978.34
16 158.40 155.00 156.70 -3.40 0 1 477.65
14 157.27 153.87 155.57 -3.40 1 0 3050.80
4 153.87 152.73 153.30 -1.14 1 0 1216.75
15 157.27 156.13 156.70 -1.14 0 1 370.18
12 156.13 155.00 155.57 -1.13 0 1 369.44
3 152.73 156.13 154.43 3.40 0 1 623.14
14 157.27 153.87 155.57 -3.40 0 1 5166.88
9 155.00 156.13 155.57 1.13 1 0 1818.39
7 155.00 151.60 153.30 -3.40 0 1 2982.06
8 155.00 153.87 154.44 -1.13 1 0 2882.43
5 153.87 155.00 154.44 1.13 1 0 798.49
1 151.60 155.00 153.30 3.40 0 1 691.62
16 158.40 155.00 156.70 -3.40 0 1 3795.20
13 156.13 157.27 156.70 1.14 1 0 5714.32
11 156.13 152.73 154.43 -3.40 0 1 2605.24
10 155.00 158.40 156.70 3.40 0 1 13019.70
6 153.87 157.27 155.57 3.40 0 1 3587.92
2 152.73 153.87 153.30 1.14 0 1 4910.38
14 157.27 153.87 155.57 -3.40 0 1 1877.30
8 155.00 153.87 154.44 -1.13 1 0 3862.70
4 153.87 152.73 153.30 -1.14 1 0 1325.64
1 151.60 155.00 153.30 3.40 1 0 2542.49
11 156.13 152.73 154.43 -3.40 1 0 2522.50
7 155.00 151.60 153.30 -3.40 1 0 882.88
9 155.00 156.13 155.57 1.13 1 0 44.24
6 153.87 157.27 155.57 3.40 0 1 569.90
12 156.13 155.00 155.57 -1.13 0 1 267.31
10 155.00 158.40 156.70 3.40 1 0 567.05
13 156.13 157.27 156.70 1.14 1 0 443.31
3 152.73 156.13 154.43 3.40 0 1 522.32
2 152.73 153.87 153.30 1.14 1 0 911.22
16 158.40 155.00 156.70 -3.40 1 0 1653.23
5 153.87 155.00 154.44 1.13 0 1 754.18
15 157.27 156.13 156.70 -1.14 0 1 740.89
7 155.00 151.60 153.30 -3.40 0 1 471.84
1 151.60 155.00 153.30 3.40 1 0 1662.66
6 153.87 157.27 155.57 3.40 1 0 221.32
3 152.73 156.13 154.43 3.40 1 0 1473.07
16 158.40 155.00 156.70 -3.40 0 1 400.25
8 155.00 153.87 154.44 -1.13 1 0 101.98
9 155.00 156.13 155.57 1.13 1 0 412.39
5 153.87 155.00 154.44 1.13 1 0 305.07
14 157.27 153.87 155.57 -3.40 0 1 1989.02
13 156.13 157.27 156.70 1.14 0 1 407.15
15 157.27 156.13 156.70 -1.14 1 0 450.64
10 155.00 158.40 156.70 3.40 0 1 3034.24
2 152.73 153.87 153.30 1.14 0 1 364.55
11 156.13 152.73 154.43 -3.40 0 1 436.43
4 153.87 152.73 153.30 -1.14 1 0 388.67
12 156.13 155.00 155.57 -1.13 0 1 379.55
7 155.00 151.60 153.30 -3.40 0 1 400.91
10 155.00 158.40 156.70 3.40 1 0 307.64
5 153.87 155.00 154.44 1.13 0 1 463.03
12 156.13 155.00 155.57 -1.13 1 0 2187.17
6 153.87 157.27 155.57 3.40 1 0 459.22
2 152.73 153.87 153.30 1.14 0 1 451.96
1 151.60 155.00 153.30 3.40 1 0 447.90
4 153.87 152.73 153.30 -1.14 0 1 808.69
14 157.27 153.87 155.57 -3.40 0 1 544.11
11 156.13 152.73 154.43 -3.40 0 1 2535.12
15 157.27 156.13 156.70 -1.14 0 1 360.06
13 156.13 157.27 156.70 1.14 0 1 353.25
9 155.00 156.13 155.57 1.13 1 0 707.45
16 158.40 155.00 156.70 -3.40 0 1 508.76
3 152.73 156.13 154.43 3.40 1 0 311.83
8 155.00 153.87 154.44 -1.13 0 1 431.32
3 152.73 156.13 154.43 3.40 1 0 375.96
4 153.87 152.73 153.30 -1.14 0 1 2648.32
11 156.13 152.73 154.43 -3.40 0 1 446.31
6 153.87 157.27 155.57 3.40 1 0 431.31
13 156.13 157.27 156.70 1.14 1 0 701.71
9 155.00 156.13 155.57 1.13 1 0 528.27
2 152.73 153.87 153.30 1.14 0 1 571.30
10 155.00 158.40 156.70 3.40 0 1 484.81
16 158.40 155.00 156.70 -3.40 0 1 593.74
15 157.27 156.13 156.70 -1.14 0 1 587.94
5 153.87 155.00 154.44 1.13 0 1 540.75
14 157.27 153.87 155.57 -3.40 0 1 1675.41
8 155.00 153.87 154.44 -1.13 0 1 461.46
1 151.60 155.00 153.30 3.40 1 0 490.23
12 156.13 155.00 155.57 -1.13 0 1 707.50
7 155.00 151.60 153.30 -3.40 1 0 3872.60
7 155.00 151.60 153.30 -3.40 0 1 597.24
14 157.27 153.87 155.57 -3.40 1 0 566.88
2 152.73 153.87 153.30 1.14 1 0 367.55
6 153.87 157.27 155.57 3.40 1 0 468.31
4 153.87 152.73 153.30 -1.14 0 1 389.06
5 153.87 155.00 154.44 1.13 1 0 355.69
12 156.13 155.00 155.57 -1.13 0 1 1289.50
3 152.73 156.13 154.43 3.40 0 1 622.52
13 156.13 157.27 156.70 1.14 0 1 482.32
11 156.13 152.73 154.43 -3.40 1 0 409.23
15 157.27 156.13 156.70 -1.14 0 1 392.08
10 155.00 158.40 156.70 3.40 1 0 370.10
16 158.40 155.00 156.70 -3.40 1 0 362.79
8 155.00 153.87 154.44 -1.13 0 1 157.31
1 151.60 155.00 153.30 3.40 0 1 415.20
9 155.00 156.13 155.57 1.13 1 0 343.40
15 157.27 156.13 156.70 -1.14 0 1 1592.76
8 155.00 153.87 154.44 -1.13 1 0 461.14
14 157.27 153.87 155.57 -3.40 0 1 2184.73
1 151.60 155.00 153.30 3.40 1 0 388.00
3 152.73 156.13 154.43 3.40 1 0 386.41
12 156.13 155.00 155.57 -1.13 1 0 342.52
7 155.00 151.60 153.30 -3.40 0 1 374.40
10 155.00 158.40 156.70 3.40 0 1 273.50
2 152.73 153.87 153.30 1.14 1 0 325.41
11 156.13 152.73 154.43 -3.40 1 0 872.81
9 155.00 156.13 155.57 1.13 1 0 422.00
4 153.87 152.73 153.30 -1.14 1 0 621.18
5 153.87 155.00 154.44 1.13 1 0 3411.00
13 156.13 157.27 156.70 1.14 1 0 503.97
16 158.40 155.00 156.70 -3.40 1 0 409.81
6 153.87 157.27 155.57 3.40 0 1 381.77
3 152.73 156.13 154.43 3.40 0 1 752.46
7 155.00 151.60 153.30 -3.40 0 1 1456.05
9 155.00 156.13 155.57 1.13 0 1 3117.37
1 151.60 155.00 153.30 3.40 0 1 1843.88
14 157.27 153.87 155.57 -3.40 0 1 5957.43
8 155.00 153.87 154.44 -1.13 0 1 590.66
4 153.87 152.73 153.30 -1.14 0 1 2952.59
12 156.13 155.00 155.57 -1.13 0 1 4183.71
11 156.13 152.73 154.43 -3.40 0 1 11656.87
13 156.13 157.27 156.70 1.14 0 1 540.39
15 157.27 156.13 156.70 -1.14 1 0 273.93
5 153.87 155.00 154.44 1.13 0 1 2520.48
6 153.87 157.27 155.57 3.40 0 1 2258.17
2 152.73 153.87 153.30 1.14 0 1 215.25
10 155.00 158.40 156.70 3.40 1 0 396.60
16 158.40 155.00 156.70 -3.40 0 1 422.72
5 153.87 155.00 154.44 1.13 1 0 854.93
13 156.13 157.27 156.70 1.14 0 1 543.08
3 152.73 156.13 154.43 3.40 1 0 537.33
2 152.73 153.87 153.30 1.14 0 1 135.91
8 155.00 153.87 154.44 -1.13 1 0 322.23
9 155.00 156.13 155.57 1.13 0 1 28.58
4 153.87 152.73 153.30 -1.14 1 0 1486.19
11 156.13 152.73 154.43 -3.40 0 1 399.44
6 153.87 157.27 155.57 3.40 1 0 1620.04
10 155.00 158.40 156.70 3.40 0 1 3308.66
1 151.60 155.00 153.30 3.40 0 1 505.81
14 157.27 153.87 155.57 -3.40 1 0 8306.08
7 155.00 151.60 153.30 -3.40 0 1 449.78
15 157.27 156.13 156.70 -1.14 1 0 1987.38
12 156.13 155.00 155.57 -1.13 0 1 361.68
16 158.40 155.00 156.70 -3.40 1 0 344.58
5 153.87 155.00 154.44 1.13 0 1 438.58
10 155.00 158.40 156.70 3.40 0 1 298.57
9 155.00 156.13 155.57 1.13 1 0 300.65
3 152.73 156.13 154.43 3.40 0 1 370.39
12 156.13 155.00 155.57 -1.13 1 0 2063.07
2 152.73 153.87 153.30 1.14 1 0 456.28
13 156.13 157.27 156.70 1.14 1 0 573.07
7 155.00 151.60 153.30 -3.40 0 1 482.04
16 158.40 155.00 156.70 -3.40 0 1 951.00
6 153.87 157.27 155.57 3.40 1 0 572.44
14 157.27 153.87 155.57 -3.40 0 1 347.18
15 157.27 156.13 156.70 -1.14 1 0 2126.10
11 156.13 152.73 154.43 -3.40 0 1 96.54
8 155.00 153.87 154.44 -1.13 0 1 419.46
4 153.87 152.73 153.30 -1.14 1 0 1384.22
1 151.60 155.00 153.30 3.40 0 1 2691.29
11 156.13 152.73 154.43 -3.40 1 0 1596.09
9 155.00 156.13 155.57 1.13 1 0 1894.22
6 153.87 157.27 155.57 3.40 0 1 314.29
7 155.00 151.60 153.30 -3.40 0 1 349.49
8 155.00 153.87 154.44 -1.13 0 1 357.47
4 153.87 152.73 153.30 -1.14 1 0 431.45
3 152.73 156.13 154.43 3.40 0 1 457.87
15 157.27 156.13 156.70 -1.14 0 1 2559.39
12 156.13 155.00 155.57 -1.13 0 1 424.59
1 151.60 155.00 153.30 3.40 1 0 430.70
10 155.00 158.40 156.70 3.40 1 0 372.07
14 157.27 153.87 155.57 -3.40 0 1 376.15
16 158.40 155.00 156.70 -3.40 0 1 522.32
2 152.73 153.87 153.30 1.14 1 0 307.38
13 156.13 157.27 156.70 1.14 1 0 360.96
5 153.87 155.00 154.44 1.13 0 1 1213.51
