5 153.87 155.00 154.44 1.13 0 1 7537.68
10 155.00 158.40 156.70 3.40 1 0 960.46
13 156.13 157.27 156.70 1.14 0 1 2702.07
1 151.60 155.00 153.30 3.40 0 1 738.16
4 153.87 152.73 153.30 -1.14 1 0 447.96
16 158.40 155.00 156.70 -3.40 0 1 393.45
11 156.13 152.73 154.43 -3.40 1 0 249.92
9 155.00 156.13 155.57 1.13 0 1 219.89
14 157.27 153.87 155.57 -3.40 0 1 225.40
15 157.27 156.13 156.70 -1.14 1 0 241.79
6 153.87 157.27 155.57 3.40 0 1 1861.36
8 155.00 153.87 154.44 -1.13 1 0 390.05
2 152.73 153.87 153.30 1.14 0 1 297.94
7 155.00 151.60 153.30 -3.40 0 1 235.99
12 156.13 155.00 155.57 -1.13 1 0 269.21
3 152.73 156.13 154.43 3.40 0 1 7677.68
13 156.13 157.27 156.70 1.14 1 0 2617.00
15 157.27 156.13 156.70 -1.14 0 1 3637.36
8 155.00 153.87 154.44 -1.13 1 0 347.31
11 156.13 152.73 154.43 -3.40 0 1 350.19
7 155.00 151.60 153.30 -3.40 0 1 213.23
2 152.73 153.87 153.30 1.14 1 0 600.84
9 155.00 156.13 155.57 1.13 0 1 557.01
16 158.40 155.00 156.70 -3.40 1 0 547.00
1 151.60 155.00 153.30 3.40 1 0 302.94
14 157.27 153.87 155.57 -3.40 0 1 273.58
4 153.87 152.73 153.30 -1.14 0 1 257.89
6 153.87 157.27 155.57 3.40 0 1 457.06
12 156.13 155.00 155.57 -1.13 1 0 287.43
3 152.73 156.13 154.43 3.40 1 0 437.60
5 153.87 155.00 154.44 1.13 1 0 3231.20
10 155.00 158.40 156.70 3.40 0 1 292.85
12 156.13 155.00 155.57 -1.13 1 0 220.52
9 155.00 156.13 155.57 1.13 0 1 226.32
6 153.87 157.27 155.57 3.40 0 1 232.00
1 151.60 155.00 153.30 3.40 1 0 266.70
10 155.00 158.40 156.70 3.40 0 1 392.06
4 153.87 152.73 153.30 -1.14 1 0 235.82
3 152.73 156.13 154.43 3.40 0 1 278.50
8 155.00 153.87 154.44 -1.13 0 1 247.19
2 152.73 153.87 153.30 1.14 1 0 225.35
13 156.13 157.27 156.70 1.14 0 1 396.06
5 153.87 155.00 154.44 1.13 1 0 242.61
7 155.00 151.60 153.30 -3.40 0 1 451.02
11 156.13 152.73 154.43 -3.40 0 1 248.15
15 157.27 156.13 156.70 -1.14 1 0 230.04
14 157.27 153.87 155.57 -3.40 0 1 236.98
16 158.40 155.00 156.70 -3.40 1 0 267.09
15 157.27 156.13 156.70 -1.14 0 1 244.86
5 153.87 155.00 154.44 1.13 0 1 209.52
2 152.73 153.87 153.30 1.14 1 0 230.51
13 156.13 157.27 156.70 1.14 0 1 222.63
4 153.87 152.73 153.30 -1.14 1 0 257.93
9 155.00 156.13 155.57 1.13 0 1 243.89
6 153.87 157.27 155.57 3.40 0 1 236.84
10 155.00 158.40 156.70 3.40 1 0 217.75
14 157.27 153.87 155.57 -3.40 0 1 327.85
11 156.13 152.73 154.43 -3.40 0 1 301.61
7 155.00 151.60 153.30 -3.40 1 0 611.46
12 156.13 155.00 155.57 -1.13 1 0 633.44
16 158.40 155.00 156.70 -3.40 0 1 248.57
3 152.73 156.13 154.43 3.40 1 0 218.24
1 151.60 155.00 153.30 3.40 1 0 240.55
8 155.00 153.87 154.44 -1.13 1 0 1184.77
6 153.87 157.27 155.57 3.40 0 1 299.65
15 157.27 156.13 156.70 -1.14 1 0 247.46
7 155.00 151.60 153.30 -3.40 1 0 293.35
11 156.13 152.73 154.43 -3.40 0 1 274.39
3 152.73 156.13 154.43 3.40 1 0 281.97
2 152.73 153.87 153.30 1.14 0 1 412.42
13 156.13 157.27 156.70 1.14 1 0 273.07
10 155.00 158.40 156.70 3.40 1 0 230.25
4 153.87 152.73 153.30 -1.14 0 1 259.55
16 158.40 155.00 156.70 -3.40 1 0 219.48
8 155.00 153.87 154.44 -1.13 0 1 204.16
14 157.27 153.87 155.57 -3.40 1 0 297.35
9 155.00 156.13 155.57 1.13 1 0 227.60
1 151.60 155.00 153.30 3.40 0 1 237.59
5 153.87 155.00 154.44 1.13 0 1 409.03
12 156.13 155.00 155.57 -1.13 1 0 277.45
3 152.73 156.13 154.43 3.40 0 1 243.15
1 151.60 155.00 153.30 3.40 0 1 366.48
15 157.27 156.13 156.70 -1.14 1 0 223.19
11 156.13 152.73 154.43 -3.40 0 1 278.73
8 155.00 153.87 154.44 -1.13 1 0 233.35
6 153.87 157.27 155.57 3.40 1 0 256.45
2 152.73 153.87 153.30 1.14 0 1 218.45
5 153.87 155.00 154.44 1.13 1 0 221.05
7 155.00 151.60 153.30 -3.40 1 0 234.95
14 157.27 153.87 155.57 -3.40 0 1 219.75
13 156.13 157.27 156.70 1.14 0 1 332.81
10 155.00 158.40 156.70 3.40 1 0 247.80
9 155.00 156.13 155.57 1.13 0 1 203.41
4 153.87 152.73 153.30 -1.14 0 1 213.07
12 156.13 155.00 155.57 -1.13 1 0 345.40
16 158.40 155.00 156.70 -3.40 1 0 266.33
8 155.00 153.87 154.44 -1.13 0 1 244.34
3 152.73 156.13 154.43 3.40 1 0 267.93
13 156.13 157.27 156.70 1.14 1 0 201.28
12 156.13 155.00 155.57 -1.13 0 1 245.65
2 152.73 153.87 153.30 1.14 0 1 252.49
5 153.87 155.00 154.44 1.13 1 0 240.02
7 155.00 151.60 153.30 -3.40 1 0 214.11
14 157.27 153.87 155.57 -3.40 1 0 284.03
1 151.60 155.00 153.30 3.40 0 1 221.95
10 155.00 158.40 156.70 3.40 0 1 403.67
15 157.27 156.13 156.70 -1.14 1 0 273.94
6 153.87 157.27 155.57 3.40 0 1 343.18
4 153.87 152.73 153.30 -1.14 0 1 213.38
9 155.00 156.13 155.57 1.13 1 0 202.97
11 156.13 152.73 154.43 -3.40 0 1 222.75
16 158.40 155.00 156.70 -3.40 1 0 230.05
3 152.73 156.13 154.43 3.40 0 1 272.09
6 153.87 157.27 155.57 3.40 1 0 209.09
2 152.73 153.87 153.30 1.14 0 1 204.53
15 157.27 156.13 156.70 -1.14 0 1 208.03
7 155.00 151.60 153.30 -3.40 1 0 378.61
16 158.40 155.00 156.70 -3.40 1 0 259.85
9 155.00 156.13 155.57 1.13 0 1 200.89
4 153.87 152.73 153.30 -1.14 1 0 382.84
8 155.00 153.87 154.44 -1.13 0 1 204.32
5 153.87 155.00 154.44 1.13 1 0 259.74
13 156.13 157.27 156.70 1.14 0 1 227.75
1 151.60 155.00 153.30 3.40 1 0 217.69
10 155.00 158.40 156.70 3.40 1 0 247.77
11 156.13 152.73 154.43 -3.40 0 1 238.30
14 157.27 153.87 155.57 -3.40 1 0 282.04
12 156.13 155.00 155.57 -1.13 0 1 237.00
13 156.13 157.27 156.70 1.14 1 0 235.27
4 153.87 152.73 153.30 -1.14 1 0 263.38
7 155.00 151.60 153.30 -3.40 0 1 223.85
15 157.27 156.13 156.70 -1.14 1 0 371.05
3 152.73 156.13 154.43 3.40 1 0 868.49
9 155.00 156.13 155.57 1.13 0 1 219.43
10 155.00 158.40 156.70 3.40 1 0 257.32
5 153.87 155.00 154.44 1.13 1 0 212.56
6 153.87 157.27 155.57 3.40 0 1 199.72
14 157.27 153.87 155.57 -3.40 1 0 241.85
8 155.00 153.87 154.44 -1.13 0 1 211.00
11 156.13 152.73 154.43 -3.40 1 0 241.44
2 152.73 153.87 153.30 1.14 1 0 208.06
12 156.13 155.00 155.57 -1.13 0 1 243.29
16 158.40 155.00 156.70 -3.40 1 0 240.20
1 151.60 155.00 153.30 3.40 0 1 215.36
9 155.00 156.13 155.57 1.13 1 0 216.46
7 155.00 151.60 153.30 -3.40 1 0 278.62
4 153.87 152.73 153.30 -1.14 0 1 200.61
8 155.00 153.87 154.44 -1.13 1 0 231.33
15 157.27 156.13 156.70 -1.14 0 1 225.45
6 153.87 157.27 155.57 3.40 1 0 257.28
5 153.87 155.00 154.44 1.13 1 0 215.26
13 156.13 157.27 156.70 1.14 0 1 211.11
1 151.60 155.00 153.30 3.40 0 1 242.89
3 152.73 156.13 154.43 3.40 1 0 221.73
14 157.27 153.87 155.57 -3.40 0 1 232.32
12 156.13 155.00 155.57 -1.13 0 1 207.57
11 156.13 152.73 154.43 -3.40 1 0 362.46
2 152.73 153.87 153.30 1.14 1 0 211.08
10 155.00 158.40 156.70 3.40 1 0 228.02
16 158.40 155.00 156.70 -3.40 0 1 336.31
16 158.40 155.00 156.70 -3.40 1 0 306.18
10 155.00 158.40 156.70 3.40 0 1 223.11
5 153.87 155.00 154.44 1.13 0 1 197.54
11 156.13 152.73 154.43 -3.40 1 0 427.37
4 153.87 152.73 153.30 -1.14 1 0 260.28
15 157.27 156.13 156.70 -1.14 0 1 381.74
6 153.87 157.27 155.57 3.40 1 0 371.40
3 152.73 156.13 154.43 3.40 1 0 211.55
13 156.13 157.27 156.70 1.14 0 1 269.95
2 152.73 153.87 153.30 1.14 1 0 317.16
14 157.27 153.87 155.57 -3.40 0 1 421.98
7 155.00 151.60 153.30 -3.40 1 0 250.49
9 155.00 156.13 155.57 1.13 1 0 285.18
1 151.60 155.00 153.30 3.40 0 1 278.66
8 155.00 153.87 154.44 -1.13 0 1 304.08
12 156.13 155.00 155.57 -1.13 1 0 254.53
4 153.87 152.73 153.30 -1.14 0 1 326.84
15 157.27 156.13 156.70 -1.14 0 1 256.45
6 153.87 157.27 155.57 3.40 1 0 239.11
10 155.00 158.40 156.70 3.40 1 0 314.09
12 156.13 155.00 155.57 -1.13 0 1 280.74
14 157.27 153.87 155.57 -3.40 1 0 333.61
8 155.00 153.87 154.44 -1.13 1 0 317.26
3 152.73 156.13 154.43 3.40 0 1 232.84
11 156.13 152.73 154.43 -3.40 0 1 392.02
7 155.00 151.60 153.30 -3.40 1 0 272.76
5 153.87 155.00 154.44 1.13 0 1 371.09
2 152.73 153.87 153.30 1.14 0 1 344.51
1 151.60 155.00 153.30 3.40 1 0 283.86
9 155.00 156.13 155.57 1.13 0 1 351.19
13 156.13 157.27 156.70 1.14 1 0 261.31
16 158.40 155.00 156.70 -3.40 0 1 229.08
13 156.13 157.27 156.70 1.14 0 1 237.71
8 155.00 153.87 154.44 -1.13 1 0 232.52
3 152.73 156.13 154.43 3.40 1 0 341.02
4 153.87 152.73 153.30 -1.14 0 1 227.37
6 153.87 157.27 155.57 3.40 1 0 235.24
12 156.13 155.00 155.57 -1.13 1 0 204.62
2 152.73 153.87 153.30 1.14 0 1 235.34
16 158.40 155.00 156.70 -3.40 1 0 262.71
10 155.00 158.40 156.70 3.40 0 1 205.32
5 153.87 155.00 154.44 1.13 1 0 271.29
7 155.00 151.60 153.30 -3.40 1 0 248.52
15 157.27 156.13 156.70 -1.14 0 1 291.22
9 155.00 156.13 155.57 1.13 0 1 269.65
11 156.13 152.73 154.43 -3.40 1 0 119.41
14 157.27 153.87 155.57 -3.40 0 1 215.02
1 151.60 155.00 153.30 3.40 0 1 247.00
14 157.27 153.87 155.57 -3.40 1 0 304.23
15 157.27 156.13 156.70 -1.14 1 0 430.72
8 155.00 153.87 154.44 -1.13 0 1 353.15
10 155.00 158.40 156.70 3.40 0 1 294.07
16 158.40 155.00 156.70 -3.40 0 1 243.21
7 155.00 151.60 153.30 -3.40 1 0 238.38
4 153.87 152.73 153.30 -1.14 0 1 338.50
11 156.13 152.73 154.43 -3.40 1 0 538.08
1 151.60 155.00 153.30 3.40 0 1 290.15
12 156.13 155.00 155.57 -1.13 0 1 273.29
3 152.73 156.13 154.43 3.40 1 0 288.12
6 153.87 157.27 155.57 3.40 1 0 266.03
5 153.87 155.00 154.44 1.13 0 1 299.42
9 155.00 156.13 155.57 1.13 1 0 479.42
2 152.73 153.87 153.30 1.14 1 0 223.08
13 156.13 157.27 156.70 1.14 1 0 250.49
8 155.00 153.87 154.44 -1.13 0 1 217.59
13 156.13 157.27 156.70 1.14 1 0 316.46
7 155.00 151.60 153.30 -3.40 0 1 239.06
12 156.13 155.00 155.57 -1.13 1 0 261.05
6 153.87 157.27 155.57 3.40 1 0 259.06
15 157.27 156.13 156.70 -1.14 0 1 227.95
1 151.60 155.00 153.30 3.40 0 1 531.86
2 152.73 153.87 153.30 1.14 1 0 0.20
14 157.27 153.87 155.57 -3.40 0 1 227.60
9 155.00 156.13 155.57 1.13 0 1 198.26
11 156.13 152.73 154.43 -3.40 1 0 270.05
5 153.87 155.00 154.44 1.13 0 1 451.02
4 153.87 152.73 153.30 -1.14 1 0 325.56
3 152.73 156.13 154.43 3.40 0 1 246.51
10 155.00 158.40 156.70 3.40 0 1 265.87
16 158.40 155.00 156.70 -3.40 0 1 2396.81
11 156.13 152.73 154.43 -3.40 0 1 485.42
6 153.87 157.27 155.57 3.40 1 0 373.46
8 155.00 153.87 154.44 -1.13 0 1 321.53
1 151.60 155.00 153.30 3.40 1 0 416.96
9 155.00 156.13 155.57 1.13 0 1 363.84
16 158.40 155.00 156.70 -3.40 0 1 198.14
12 156.13 155.00 155.57 -1.13 0 1 276.85
7 155.00 151.60 153.30 -3.40 0 1 250.92
10 155.00 158.40 156.70 3.40 1 0 416.39
3 152.73 156.13 154.43 3.40 0 1 269.76
5 153.87 155.00 154.44 1.13 1 0 259.45
13 156.13 157.27 156.70 1.14 1 0 217.77
4 153.87 152.73 153.30 -1.14 0 1 261.21
15 157.27 156.13 156.70 -1.14 1 0 271.68
2 152.73 153.87 153.30 1.14 0 1 233.11
14 157.27 153.87 155.57 -3.40 1 0 266.51
16 158.40 155.00 156.70 -3.40 1 0 243.08
6 153.87 157.27 155.57 3.40 0 1 388.18
10 155.00 158.40 156.70 3.40 1 0 311.64
11 156.13 152.73 154.43 -3.40 0 1 252.50
13 156.13 157.27 156.70 1.14 1 0 317.59
7 155.00 151.60 153.30 -3.40 1 0 364.55
4 153.87 152.73 153.30 -1.14 0 1 276.11
2 152.73 153.87 153.30 1.14 1 0 468.88
3 152.73 156.13 154.43 3.40 0 1 334.98
1 151.60 155.00 153.30 3.40 1 0 360.09
15 157.27 156.13 156.70 -1.14 1 0 355.76
5 153.87 155.00 154.44 1.13 0 1 300.83
8 155.00 153.87 154.44 -1.13 0 1 313.07
9 155.00 156.13 155.57 1.13 1 0 385.46
12 156.13 155.00 155.57 -1.13 0 1 302.65
14 157.27 153.87 155.57 -3.40 0 1 227.35
7 155.00 151.60 153.30 -3.40 1 0 310.15
15 157.27 156.13 156.70 -1.14 0 1 470.97
6 153.87 157.27 155.57 3.40 1 0 216.97
3 152.73 156.13 154.43 3.40 0 1 227.26
11 156.13 152.73 154.43 -3.40 0 1 326.82
8 155.00 153.87 154.44 -1.13 1 0 245.07
9 155.00 156.13 155.57 1.13 1 0 269.31
1 151.60 155.00 153.30 3.40 0 1 268.80
4 153.87 152.73 153.30 -1.14 1 0 421.60
13 156.13 157.27 156.70 1.14 1 0 280.68
10 155.00 158.40 156.70 3.40 0 1 300.20
14 157.27 153.87 155.57 -3.40 1 0 281.22
2 152.73 153.87 153.30 1.14 0 1 230.24
12 156.13 155.00 155.57 -1.13 1 0 251.91
16 158.40 155.00 156.70 -3.40 1 0 307.42
5 153.87 155.00 154.44 1.13 0 1 217.05
