13 156.13 157.27 156.70 1.14 0 1 1237.35
15 157.27 156.13 156.70 -1.14 1 0 763.26
3 152.73 156.13 154.43 3.40 0 1 1022.08
10 155.00 158.40 156.70 3.40 1 0 1608.53
2 152.73 153.87 153.30 1.14 1 0 1491.52
5 153.87 155.00 154.44 1.13 0 1 807.67
9 155.00 156.13 155.57 1.13 1 0 915.25
16 158.40 155.00 156.70 -3.40 1 0 764.51
8 155.00 153.87 154.44 -1.13 0 1 655.48
7 155.00 151.60 153.30 -3.40 1 0 2900.41
11 156.13 152.73 154.43 -3.40 0 1 952.26
14 157.27 153.87 155.57 -3.40 1 0 1524.96
12 156.13 155.00 155.57 -1.13 1 0 773.25
4 153.87 152.73 153.30 -1.14 0 1 674.88
1 151.60 155.00 153.30 3.40 1 0 826.28
6 153.87 157.27 155.57 3.40 1 0 901.42
15 157.27 156.13 156.70 -1.14 0 1 1217.05
2 152.73 153.87 153.30 1.14 0 1 576.58
8 155.00 153.87 154.44 -1.13 0 1 591.72
7 155.00 151.60 153.30 -3.40 1 0 853.92
12 156.13 155.00 155.57 -1.13 0 1 549.99
13 156.13 157.27 156.70 1.14 1 0 959.31
4 153.87 152.73 153.30 -1.14 1 0 750.72
11 156.13 152.73 154.43 -3.40 0 1 551.79
5 153.87 155.00 154.44 1.13 1 0 608.95
3 152.73 156.13 154.43 3.40 0 1 371.07
6 153.87 157.27 155.57 3.40 0 1 439.54
10 155.00 158.40 156.70 3.40 1 0 784.57
9 155.00 156.13 155.57 1.13 0 1 537.26
14 157.27 153.87 155.57 -3.40 1 0 997.29
1 151.60 155.00 153.30 3.40 0 1 465.30
16 158.40 155.00 156.70 -3.40 1 0 714.95
2 152.73 153.87 153.30 1.14 0 1 475.28
8 155.00 153.87 154.44 -1.13 1 0 517.06
3 152.73 156.13 154.43 3.40 0 1 533.63
15 157.27 156.13 156.70 -1.14 1 0 1214.49
1 151.60 155.00 153.30 3.40 0 1 590.88
13 156.13 157.27 156.70 1.14 1 0 550.17
14 157.27 153.87 155.57 -3.40 1 0 640.15
7 155.00 151.60 153.30 -3.40 0 1 822.66
5 153.87 155.00 154.44 1.13 0 1 817.18
4 153.87 152.73 153.30 -1.14 1 0 917.91
10 155.00 158.40 156.70 3.40 0 1 600.17
9 155.00 156.13 155.57 1.13 1 0 976.81
6 153.87 157.27 155.57 3.40 0 1 560.63
11 156.13 152.73 154.43 -3.40 1 0 597.74
12 156.13 155.00 155.57 -1.13 0 1 563.73
16 158.40 155.00 156.70 -3.40 1 0 458.84
8 155.00 153.87 154.44 -1.13 0 1 615.05
3 152.73 156.13 154.43 3.40 0 1 921.19
5 153.87 155.00 154.44 1.13 0 1 1328.31
7 155.00 151.60 153.30 -3.40 1 0 1118.86
10 155.00 158.40 156.70 3.40 0 1 775.73
12 156.13 155.00 155.57 -1.13 0 1 975.06
4 153.87 152.73 153.30 -1.14 1 0 297.81
6 153.87 157.27 155.57 3.40 0 1 485.03
9 155.00 156.13 155.57 1.13 0 1 554.59
2 152.73 153.87 153.30 1.14 1 0 706.64
13 156.13 157.27 156.70 1.14 0 1 776.90
1 151.60 155.00 153.30 3.40 0 1 474.62
15 157.27 156.13 156.70 -1.14 1 0 1142.18
11 156.13 152.73 154.43 -3.40 1 0 1101.75
16 158.40 155.00 156.70 -3.40 0 1 516.47
14 157.27 153.87 155.57 -3.40 1 0 560.63
15 157.27 156.13 156.70 -1.14 0 1 547.74
13 156.13 157.27 156.70 1.14 0 1 703.09
2 152.73 153.87 153.30 1.14 1 0 882.91
5 153.87 155.00 154.44 1.13 1 0 1831.28
6 153.87 157.27 155.57 3.40 0 1 506.53
11 156.13 152.73 154.43 -3.40 1 0 676.99
3 152.73 156.13 154.43 3.40 0 1 605.86
12 156.13 155.00 155.57 -1.13 0 1 1023.37
8 155.00 153.87 154.44 -1.13 1 0 724.65
14 157.27 153.87 155.57 -3.40 0 1 812.43
4 153.87 152.73 153.30 -1.14 0 1 995.61
1 151.60 155.00 153.30 3.40 1 0 372.48
9 155.00 156.13 155.57 1.13 1 0 497.56
10 155.00 158.40 156.70 3.40 0 1 1613.97
16 158.40 155.00 156.70 -3.40 1 0 569.43
7 155.00 151.60 153.30 -3.40 0 1 566.75
13 156.13 157.27 156.70 1.14 1 0 995.75
2 152.73 153.87 153.30 1.14 0 1 551.19
3 152.73 156.13 154.43 3.40 0 1 734.32
4 153.87 152.73 153.30 -1.14 0 1 557.68
7 155.00 151.60 153.30 -3.40 1 0 1417.72
9 155.00 156.13 155.57 1.13 0 1 1022.66
11 156.13 152.73 154.43 -3.40 0 1 754.82
10 155.00 158.40 156.70 3.40 1 0 435.38
5 153.87 155.00 154.44 1.13 1 0 1354.79
1 151.60 155.00 153.30 3.40 1 0 927.07
16 158.40 155.00 156.70 -3.40 1 0 1059.45
8 155.00 153.87 154.44 -1.13 0 1 995.57
6 153.87 157.27 155.57 3.40 0 1 1126.44
15 157.27 156.13 156.70 -1.14 1 0 1049.57
12 156.13 155.00 155.57 -1.13 1 0 1023.80
14 157.27 153.87 155.57 -3.40 1 0 957.99
11 156.13 152.73 154.43 -3.40 0 1 996.46
4 153.87 152.73 153.30 -1.14 1 0 415.78
7 155.00 151.60 153.30 -3.40 0 1 305.70
8 155.00 153.87 154.44 -1.13 1 0 479.39
16 158.40 155.00 156.70 -3.40 1 0 464.32
3 152.73 156.13 154.43 3.40 0 1 616.95
14 157.27 153.87 155.57 -3.40 1 0 597.28
10 155.00 158.40 156.70 3.40 1 0 957.70
5 153.87 155.00 154.44 1.13 1 0 1699.28
13 156.13 157.27 156.70 1.14 1 0 704.37
12 156.13 155.00 155.57 -1.13 0 1 839.58
6 153.87 157.27 155.57 3.40 1 0 1162.87
15 157.27 156.13 156.70 -1.14 1 0 534.60
1 151.60 155.00 153.30 3.40 0 1 937.22
2 152.73 153.87 153.30 1.14 0 1 798.68
9 155.00 156.13 155.57 1.13 1 0 888.88
11 156.13 152.73 154.43 -3.40 1 0 1125.17
7 155.00 151.60 153.30 -3.40 0 1 690.06
13 156.13 157.27 156.70 1.14 1 0 680.88
12 156.13 155.00 155.57 -1.13 1 0 732.24
16 158.40 155.00 156.70 -3.40 1 0 689.35
9 155.00 156.13 155.57 1.13 0 1 1661.29
6 153.87 157.27 155.57 3.40 0 1 829.70
3 152.73 156.13 154.43 3.40 0 1 631.16
10 155.00 158.40 156.70 3.40 1 0 855.24
2 152.73 153.87 153.30 1.14 0 1 609.89
5 153.87 155.00 154.44 1.13 0 1 817.23
8 155.00 153.87 154.44 -1.13 0 1 656.45
14 157.27 153.87 155.57 -3.40 1 0 501.04
15 157.27 156.13 156.70 -1.14 1 0 647.25
4 153.87 152.73 153.30 -1.14 0 1 613.05
1 151.60 155.00 153.30 3.40 0 1 549.78
10 155.00 158.40 156.70 3.40 0 1 553.48
7 155.00 151.60 153.30 -3.40 1 0 3221.37
15 157.27 156.13 156.70 -1.14 1 0 883.78
1 151.60 155.00 153.30 3.40 0 1 832.61
8 155.00 153.87 154.44 -1.13 1 0 824.49
13 156.13 157.27 156.70 1.14 1 0 825.03
6 153.87 157.27 155.57 3.40 0 1 1098.33
2 152.73 153.87 153.30 1.14 0 1 1112.93
4 153.87 152.73 153.30 -1.14 0 1 818.27
12 156.13 155.00 155.57 -1.13 0 1 894.62
3 152.73 156.13 154.43 3.40 1 0 891.68
5 153.87 155.00 154.44 1.13 0 1 971.62
11 156.13 152.73 154.43 -3.40 1 0 1011.55
9 155.00 156.13 155.57 1.13 1 0 866.28
14 157.27 153.87 155.57 -3.40 0 1 1381.50
16 158.40 155.00 156.70 -3.40 1 0 636.10
4 153.87 152.73 153.30 -1.14 0 1 654.58
3 152.73 156.13 154.43 3.40 0 1 983.35
2 152.73 153.87 153.30 1.14 0 1 521.72
7 155.00 151.60 153.30 -3.40 0 1 901.87
8 155.00 153.87 154.44 -1.13 0 1 784.74
6 153.87 157.27 155.57 3.40 1 0 1099.60
12 156.13 155.00 155.57 -1.13 0 1 394.05
10 155.00 158.40 156.70 3.40 1 0 447.23
13 156.13 157.27 156.70 1.14 1 0 854.45
15 157.27 156.13 156.70 -1.14 1 0 1714.88
16 158.40 155.00 156.70 -3.40 0 1 658.64
11 156.13 152.73 154.43 -3.40 0 1 595.71
9 155.00 156.13 155.57 1.13 1 0 384.14
14 157.27 153.87 155.57 -3.40 1 0 496.13
5 153.87 155.00 154.44 1.13 0 1 531.69
1 151.60 155.00 153.30 3.40 0 1 718.12
6 153.87 157.27 155.57 3.40 0 1 976.62
7 155.00 151.60 153.30 -3.40 1 0 653.15
5 153.87 155.00 154.44 1.13 0 1 629.49
4 153.87 152.73 153.30 -1.14 0 1 1251.69
13 156.13 157.27 156.70 1.14 1 0 992.64
14 157.27 153.87 155.57 -3.40 1 0 1102.58
12 156.13 155.00 155.57 -1.13 1 0 898.20
15 157.27 156.13 156.70 -1.14 1 0 1246.10
11 156.13 152.73 154.43 -3.40 1 0 1769.99
8 155.00 153.87 154.44 -1.13 1 0 1743.63
16 158.40 155.00 156.70 -3.40 0 1 1001.93
9 155.00 156.13 155.57 1.13 1 0 786.95
10 155.00 158.40 156.70 3.40 1 0 1136.30
3 152.73 156.13 154.43 3.40 0 1 469.70
2 152.73 153.87 153.30 1.14 1 0 711.56
1 151.60 155.00 153.30 3.40 0 1 534.78
14 157.27 153.87 155.57 -3.40 1 0 377.19
10 155.00 158.40 156.70 3.40 0 1 306.99
16 158.40 155.00 156.70 -3.40 1 0 308.86
9 155.00 156.13 155.57 1.13 1 0 381.72
8 155.00 153.87 154.44 -1.13 0 1 413.26
13 156.13 157.27 156.70 1.14 1 0 473.94
4 153.87 152.73 153.30 -1.14 0 1 576.95
15 157.27 156.13 156.70 -1.14 1 0 1011.82
12 156.13 155.00 155.57 -1.13 1 0 661.02
5 153.87 155.00 154.44 1.13 0 1 1498.98
11 156.13 152.73 154.43 -3.40 1 0 614.79
2 152.73 153.87 153.30 1.14 0 1 632.08
1 151.60 155.00 153.30 3.40 0 1 1211.10
3 152.73 156.13 154.43 3.40 0 1 921.58
6 153.87 157.27 155.57 3.40 1 0 348.30
7 155.00 151.60 153.30 -3.40 0 1 563.22
4 153.87 152.73 153.30 -1.14 0 1 679.21
15 157.27 156.13 156.70 -1.14 1 0 844.30
2 152.73 153.87 153.30 1.14 0 1 468.76
3 152.73 156.13 154.43 3.40 0 1 492.82
10 155.00 158.40 156.70 3.40 1 0 614.50
12 156.13 155.00 155.57 -1.13 1 0 950.73
14 157.27 153.87 155.57 -3.40 1 0 560.70
16 158.40 155.00 156.70 -3.40 1 0 513.54
13 156.13 157.27 156.70 1.14 1 0 524.37
9 155.00 156.13 155.57 1.13 0 1 350.13
7 155.00 151.60 153.30 -3.40 0 1 535.19
1 151.60 155.00 153.30 3.40 1 0 1223.70
6 153.87 157.27 155.57 3.40 0 1 1301.95
5 153.87 155.00 154.44 1.13 0 1 1030.22
8 155.00 153.87 154.44 -1.13 1 0 625.27
11 156.13 152.73 154.43 -3.40 1 0 780.17
1 151.60 155.00 153.30 3.40 0 1 1042.37
14 157.27 153.87 155.57 -3.40 1 0 1481.25
9 155.00 156.13 155.57 1.13 0 1 534.97
6 153.87 157.27 155.57 3.40 0 1 1004.83
8 155.00 153.87 154.44 -1.13 1 0 958.43
2 152.73 153.87 153.30 1.14 0 1 798.04
4 153.87 152.73 153.30 -1.14 0 1 973.28
11 156.13 152.73 154.43 -3.40 1 0 851.44
3 152.73 156.13 154.43 3.40 0 1 679.86
16 158.40 155.00 156.70 -3.40 1 0 673.77
12 156.13 155.00 155.57 -1.13 1 0 1272.08
5 153.87 155.00 154.44 1.13 0 1 1344.95
7 155.00 151.60 153.30 -3.40 0 1 1796.04
13 156.13 157.27 156.70 1.14 1 0 783.49
15 157.27 156.13 156.70 -1.14 1 0 731.75
10 155.00 158.40 156.70 3.40 0 1 762.88
5 153.87 155.00 154.44 1.13 1 0 801.30
3 152.73 156.13 154.43 3.40 0 1 277.26
4 153.87 152.73 153.30 -1.14 1 0 586.81
14 157.27 153.87 155.57 -3.40 1 0 771.97
2 152.73 153.87 153.30 1.14 0 1 989.39
8 155.00 153.87 154.44 -1.13 0 1 1176.32
1 151.60 155.00 153.30 3.40 0 1 1105.40
6 153.87 157.27 155.57 3.40 0 1 865.56
16 158.40 155.00 156.70 -3.40 1 0 560.10
9 155.00 156.13 155.57 1.13 1 0 549.73
12 156.13 155.00 155.57 -1.13 1 0 1624.84
10 155.00 158.40 156.70 3.40 1 0 555.79
13 156.13 157.27 156.70 1.14 0 1 666.79
15 157.27 156.13 156.70 -1.14 1 0 516.88
11 156.13 152.73 154.43 -3.40 0 1 450.04
7 155.00 151.60 153.30 -3.40 0 1 1011.24
2 152.73 153.87 153.30 1.14 0 1 620.72
13 156.13 157.27 156.70 1.14 1 0 387.09
6 153.87 157.27 155.57 3.40 0 1 561.56
10 155.00 158.40 156.70 3.40 0 1 1314.82
12 156.13 155.00 155.57 -1.13 1 0 293.34
3 152.73 156.13 154.43 3.40 0 1 581.64
9 155.00 156.13 155.57 1.13 1 0 627.23
8 155.00 153.87 154.44 -1.13 1 0 933.57
14 157.27 153.87 155.57 -3.40 1 0 639.02
15 157.27 156.13 156.70 -1.14 0 1 417.24
11 156.13 152.73 154.43 -3.40 1 0 465.30
5 153.87 155.00 154.44 1.13 0 1 562.10
16 158.40 155.00 156.70 -3.40 1 0 630.59
7 155.00 151.60 153.30 -3.40 0 1 503.99
4 153.87 152.73 153.30 -1.14 0 1 527.41
1 151.60 155.00 153.30 3.40 0 1 529.64
7 155.00 151.60 153.30 -3.40 0 1 488.57
11 156.13 152.73 154.43 -3.40 0 1 551.53
12 156.13 155.00 155.57 -1.13 0 1 628.86
9 155.00 156.13 155.57 1.13 1 0 1173.98
3 152.73 156.13 154.43 3.40 0 1 716.36
10 155.00 158.40 156.70 3.40 0 1 525.16
2 152.73 153.87 153.30 1.14 0 1 510.15
4 153.87 152.73 153.30 -1.14 0 1 522.67
6 153.87 157.27 155.57 3.40 0 1 1079.44
5 153.87 155.00 154.44 1.13 0 1 832.70
14 157.27 153.87 155.57 -3.40 1 0 1622.70
15 157.27 156.13 156.70 -1.14 1 0 570.34
16 158.40 155.00 156.70 -3.40 1 0 675.43
13 156.13 157.27 156.70 1.14 1 0 921.31
8 155.00 153.87 154.44 -1.13 0 1 667.63
1 151.60 155.00 153.30 3.40 0 1 980.90
5 153.87 155.00 154.44 1.13 0 1 738.13
6 153.87 157.27 155.57 3.40 0 1 1271.00
11 156.13 152.73 154.43 -3.40 0 1 1054.54
15 157.27 156.13 156.70 -1.14 1 0 801.81
8 155.00 153.87 154.44 -1.13 1 0 321.31
12 156.13 155.00 155.57 -1.13 1 0 858.30
3 152.73 156.13 154.43 3.40 0 1 743.03
4 153.87 152.73 153.30 -1.14 0 1 614.00
2 152.73 153.87 153.30 1.14 0 1 553.26
13 156.13 157.27 156.70 1.14 1 0 615.03
14 157.27 153.87 155.57 -3.40 0 1 358.71
9 155.00 156.13 155.57 1.13 1 0 259.92
7 155.00 151.60 153.30 -3.40 0 1 403.00
1 151.60 155.00 153.30 3.40 0 1 450.02
10 155.00 158.40 156.70 3.40 1 0 535.49
16 158.40 155.00 156.70 -3.40 1 0 617.12
