14 157.27 153.87 155.57 -3.40 0 1 1014.68
8 155.00 153.87 154.44 -1.13 0 1 1522.44
2 152.73 153.87 153.30 1.14 1 0 935.01
10 155.00 158.40 156.70 3.40 1 0 2321.21
3 152.73 156.13 154.43 3.40 0 1 1261.73
6 153.87 157.27 155.57 3.40 0 1 991.37
5 153.87 155.00 154.44 1.13 0 1 477.60
7 155.00 151.60 153.30 -3.40 1 0 341.09
12 156.13 155.00 155.57 -1.13 0 1 362.41
11 156.13 152.73 154.43 -3.40 1 0 583.16
9 155.00 156.13 155.57 1.13 1 0 923.06
4 153.87 152.73 153.30 -1.14 1 0 1357.30
13 156.13 157.27 156.70 1.14 1 0 1278.93
1 151.60 155.00 153.30 3.40 1 0 816.78
15 157.27 156.13 156.70 -1.14 1 0 571.01
16 158.40 155.00 156.70 -3.40 1 0 896.72
9 155.00 156.13 155.57 1.13 0 1 431.32
14 157.27 153.87 155.57 -3.40 1 0 319.35
12 156.13 155.00 155.57 -1.13 0 1 277.69
8 155.00 153.87 154.44 -1.13 0 1 188.90
10 155.00 158.40 156.70 3.40 0 1 298.60
6 153.87 157.27 155.57 3.40 1 0 886.75
13 156.13 157.27 156.70 1.14 1 0 311.15
5 153.87 155.00 154.44 1.13 1 0 538.44
2 152.73 153.87 153.30 1.14 0 1 974.24
4 153.87 152.73 153.30 -1.14 0 1 709.41
1 151.60 155.00 153.30 3.40 0 1 1285.76
15 157.27 156.13 156.70 -1.14 0 1 2164.67
11 156.13 152.73 154.43 -3.40 1 0 1423.98
7 155.00 151.60 153.30 -3.40 0 1 1086.86
3 152.73 156.13 154.43 3.40 0 1 608.06
16 158.40 155.00 156.70 -3.40 1 0 1430.97
2 152.73 153.87 153.30 1.14 0 1 2959.15
3 152.73 156.13 154.43 3.40 0 1 1537.41
16 158.40 155.00 156.70 -3.40 1 0 1558.19
11 156.13 152.73 154.43 -3.40 1 0 2417.31
15 157.27 156.13 156.70 -1.14 1 0 1286.61
14 157.27 153.87 155.57 -3.40 1 0 3359.08
1 151.60 155.00 153.30 3.40 0 1 1092.55
6 153.87 157.27 155.57 3.40 0 1 954.66
5 153.87 155.00 154.44 1.13 1 0 1219.20
13 156.13 157.27 156.70 1.14 1 0 6517.21
12 156.13 155.00 155.57 -1.13 1 0 830.21
4 153.87 152.73 153.30 -1.14 0 1 1008.03
10 155.00 158.40 156.70 3.40 1 0 1039.71
8 155.00 153.87 154.44 -1.13 1 0 580.23
9 155.00 156.13 155.57 1.13 0 1 365.25
7 155.00 151.60 153.30 -3.40 0 1 576.43
5 153.87 155.00 154.44 1.13 1 0 347.58
8 155.00 153.87 154.44 -1.13 1 0 465.62
13 156.13 157.27 156.70 1.14 0 1 633.39
7 155.00 151.60 153.30 -3.40 0 1 302.98
9 155.00 156.13 155.57 1.13 1 0 687.21
2 152.73 153.87 153.30 1.14 1 0 2185.74
15 157.27 156.13 156.70 -1.14 1 0 291.92
4 153.87 152.73 153.30 -1.14 0 1 1788.24
11 156.13 152.73 154.43 -3.40 0 1 374.70
12 156.13 155.00 155.57 -1.13 1 0 696.60
16 158.40 155.00 156.70 -3.40 1 0 410.07
3 152.73 156.13 154.43 3.40 0 1 349.68
6 153.87 157.27 155.57 3.40 0 1 977.44
14 157.27 153.87 155.57 -3.40 1 0 2087.54
10 155.00 158.40 156.70 3.40 1 0 1096.10
1 151.60 155.00 153.30 3.40 1 0 3948.22
14 157.27 153.87 155.57 -3.40 0 1 1948.15
8 155.00 153.87 154.44 -1.13 1 0 1368.52
15 157.27 156.13 156.70 -1.14 1 0 5007.71
7 155.00 151.60 153.30 -3.40 0 1 4163.99
9 155.00 156.13 155.57 1.13 1 0 703.60
11 156.13 152.73 154.43 -3.40 1 0 1360.84
2 152.73 153.87 153.30 1.14 0 1 862.33
10 155.00 158.40 156.70 3.40 0 1 3484.11
3 152.73 156.13 154.43 3.40 0 1 2016.38
13 156.13 157.27 156.70 1.14 0 1 699.31
12 156.13 155.00 155.57 -1.13 0 1 905.39
4 153.87 152.73 153.30 -1.14 1 0 576.05
5 153.87 155.00 154.44 1.13 1 0 420.26
6 153.87 157.27 155.57 3.40 0 1 618.64
1 151.60 155.00 153.30 3.40 0 1 3787.79
16 158.40 155.00 156.70 -3.40 0 1 1090.82
8 155.00 153.87 154.44 -1.13 1 0 972.26
3 152.73 156.13 154.43 3.40 1 0 1357.76
14 157.27 153.87 155.57 -3.40 0 1 1286.02
1 151.60 155.00 153.30 3.40 0 1 666.80
5 153.87 155.00 154.44 1.13 0 1 713.34
12 156.13 155.00 155.57 -1.13 0 1 756.68
4 153.87 152.73 153.30 -1.14 1 0 446.43
11 156.13 152.73 154.43 -3.40 1 0 760.28
13 156.13 157.27 156.70 1.14 0 1 494.43
15 157.27 156.13 156.70 -1.14 0 1 384.20
7 155.00 151.60 153.30 -3.40 0 1 783.61
6 153.87 157.27 155.57 3.40 1 0 995.24
10 155.00 158.40 156.70 3.40 1 0 375.26
2 152.73 153.87 153.30 1.14 0 1 262.57
9 155.00 156.13 155.57 1.13 0 1 391.57
16 158.40 155.00 156.70 -3.40 1 0 1014.15
12 156.13 155.00 155.57 -1.13 0 1 368.20
14 157.27 153.87 155.57 -3.40 0 1 383.62
16 158.40 155.00 156.70 -3.40 0 1 700.59
3 152.73 156.13 154.43 3.40 1 0 263.72
6 153.87 157.27 155.57 3.40 0 1 928.23
1 151.60 155.00 153.30 3.40 1 0 823.93
11 156.13 152.73 154.43 -3.40 0 1 787.37
15 157.27 156.13 156.70 -1.14 1 0 660.67
4 153.87 152.73 153.30 -1.14 0 1 2211.76
10 155.00 158.40 156.70 3.40 1 0 1017.84
8 155.00 153.87 154.44 -1.13 0 1 640.48
13 156.13 157.27 156.70 1.14 1 0 2505.46
9 155.00 156.13 155.57 1.13 0 1 643.01
2 152.73 153.87 153.30 1.14 0 1 1834.47
5 153.87 155.00 154.44 1.13 1 0 690.78
7 155.00 151.60 153.30 -3.40 0 1 2586.41
5 153.87 155.00 154.44 1.13 1 0 1777.91
6 153.87 157.27 155.57 3.40 0 1 475.98
12 156.13 155.00 155.57 -1.13 0 1 581.81
15 157.27 156.13 156.70 -1.14 0 1 479.75
2 152.73 153.87 153.30 1.14 0 1 871.07
10 155.00 158.40 156.70 3.40 1 0 597.15
13 156.13 157.27 156.70 1.14 1 0 375.54
9 155.00 156.13 155.57 1.13 1 0 1606.69
11 156.13 152.73 154.43 -3.40 0 1 446.57
14 157.27 153.87 155.57 -3.40 0 1 1061.48
7 155.00 151.60 153.30 -3.40 0 1 610.24
3 152.73 156.13 154.43 3.40 0 1 1089.58
4 153.87 152.73 153.30 -1.14 0 1 2415.83
1 151.60 155.00 153.30 3.40 1 0 1264.85
16 158.40 155.00 156.70 -3.40 0 1 587.66
8 155.00 153.87 154.44 -1.13 1 0 717.30
3 152.73 156.13 154.43 3.40 1 0 555.50
13 156.13 157.27 156.70 1.14 1 0 564.32
8 155.00 153.87 154.44 -1.13 0 1 386.95
5 153.87 155.00 154.44 1.13 1 0 846.39
6 153.87 157.27 155.57 3.40 0 1 629.50
7 155.00 151.60 153.30 -3.40 0 1 667.69
11 156.13 152.73 154.43 -3.40 1 0 463.70
1 151.60 155.00 153.30 3.40 1 0 957.79
2 152.73 153.87 153.30 1.14 0 1 1214.29
10 155.00 158.40 156.70 3.40 0 1 294.86
14 157.27 153.87 155.57 -3.40 0 1 511.85
12 156.13 155.00 155.57 -1.13 0 1 816.42
15 157.27 156.13 156.70 -1.14 1 0 448.26
9 155.00 156.13 155.57 1.13 0 1 422.11
16 158.40 155.00 156.70 -3.40 1 0 933.34
4 153.87 152.73 153.30 -1.14 0 1 557.10
13 156.13 157.27 156.70 1.14 0 1 309.02
10 155.00 158.40 156.70 3.40 1 0 386.25
15 157.27 156.13 156.70 -1.14 0 1 1727.11
8 155.00 153.87 154.44 -1.13 0 1 707.57
5 153.87 155.00 154.44 1.13 1 0 393.45
11 156.13 152.73 154.43 -3.40 1 0 3036.06
6 153.87 157.27 155.57 3.40 0 1 511.40
7 155.00 151.60 153.30 -3.40 0 1 1070.05
2 152.73 153.87 153.30 1.14 0 1 1161.14
14 157.27 153.87 155.57 -3.40 1 0 1214.02
9 155.00 156.13 155.57 1.13 1 0 3331.26
16 158.40 155.00 156.70 -3.40 0 1 1947.47
12 156.13 155.00 155.57 -1.13 1 0 1017.02
4 153.87 152.73 153.30 -1.14 0 1 1128.89
3 152.73 156.13 154.43 3.40 1 0 806.67
1 151.60 155.00 153.30 3.40 0 1 1169.07
7 155.00 151.60 153.30 -3.40 1 0 907.39
8 155.00 153.87 154.44 -1.13 1 0 2222.56
13 156.13 157.27 156.70 1.14 0 1 522.81
10 155.00 158.40 156.70 3.40 0 1 590.25
3 152.73 156.13 154.43 3.40 1 0 1178.69
12 156.13 155.00 155.57 -1.13 0 1 695.33
4 153.87 152.73 153.30 -1.14 0 1 2616.31
5 153.87 155.00 154.44 1.13 0 1 866.62
16 158.40 155.00 156.70 -3.40 1 0 783.90
15 157.27 156.13 156.70 -1.14 0 1 687.46
11 156.13 152.73 154.43 -3.40 0 1 3633.03
2 152.73 153.87 153.30 1.14 0 1 1084.36
14 157.27 153.87 155.57 -3.40 0 1 578.88
6 153.87 157.27 155.57 3.40 0 1 1038.73
9 155.00 156.13 155.57 1.13 1 0 485.69
1 151.60 155.00 153.30 3.40 0 1 1276.81
4 153.87 152.73 153.30 -1.14 0 1 4080.19
8 155.00 153.87 154.44 -1.13 0 1 604.45
6 153.87 157.27 155.57 3.40 0 1 601.36
15 157.27 156.13 156.70 -1.14 1 0 751.96
3 152.73 156.13 154.43 3.40 0 1 768.83
10 155.00 158.40 156.70 3.40 0 1 2413.70
11 156.13 152.73 154.43 -3.40 1 0 624.36
7 155.00 151.60 153.30 -3.40 0 1 489.29
2 152.73 153.87 153.30 1.14 0 1 442.41
9 155.00 156.13 155.57 1.13 0 1 859.72
16 158.40 155.00 156.70 -3.40 1 0 256.71
12 156.13 155.00 155.57 -1.13 0 1 385.07
14 157.27 153.87 155.57 -3.40 0 1 2468.65
5 153.87 155.00 154.44 1.13 0 1 1490.15
1 151.60 155.00 153.30 3.40 1 0 782.28
13 156.13 157.27 156.70 1.14 0 1 1072.97
13 156.13 157.27 156.70 1.14 0 1 654.13
8 155.00 153.87 154.44 -1.13 0 1 678.66
12 156.13 155.00 155.57 -1.13 1 0 853.26
7 155.00 151.60 153.30 -3.40 1 0 956.12
3 152.73 156.13 154.43 3.40 0 1 498.68
9 155.00 156.13 155.57 1.13 0 1 765.42
11 156.13 152.73 154.43 -3.40 1 0 697.13
2 152.73 153.87 153.30 1.14 0 1 906.54
6 153.87 157.27 155.57 3.40 1 0 689.44
15 157.27 156.13 156.70 -1.14 1 0 1150.39
4 153.87 152.73 153.30 -1.14 0 1 505.28
16 158.40 155.00 156.70 -3.40 0 1 646.29
14 157.27 153.87 155.57 -3.40 1 0 1436.18
10 155.00 158.40 156.70 3.40 0 1 402.95
5 153.87 155.00 154.44 1.13 0 1 329.41
1 151.60 155.00 153.30 3.40 0 1 1025.07
1 151.60 155.00 153.30 3.40 1 0 449.89
14 157.27 153.87 155.57 -3.40 1 0 1160.73
8 155.00 153.87 154.44 -1.13 0 1 584.28
4 153.87 152.73 153.30 -1.14 1 0 552.69
13 156.13 157.27 156.70 1.14 0 1 854.85
5 153.87 155.00 154.44 1.13 0 1 766.03
16 158.40 155.00 156.70 -3.40 1 0 303.94
15 157.27 156.13 156.70 -1.14 1 0 687.85
9 155.00 156.13 155.57 1.13 0 1 425.07
11 156.13 152.73 154.43 -3.40 0 1 566.73
10 155.00 158.40 156.70 3.40 0 1 320.07
7 155.00 151.60 153.30 -3.40 1 0 525.18
12 156.13 155.00 155.57 -1.13 0 1 476.40
6 153.87 157.27 155.57 3.40 1 0 1138.28
3 152.73 156.13 154.43 3.40 0 1 885.96
2 152.73 153.87 153.30 1.14 0 1 599.43
11 156.13 152.73 154.43 -3.40 1 0 383.80
10 155.00 158.40 156.70 3.40 0 1 294.15
14 157.27 153.87 155.57 -3.40 1 0 515.46
5 153.87 155.00 154.44 1.13 0 1 1203.71
2 152.73 153.87 153.30 1.14 0 1 675.00
6 153.87 157.27 155.57 3.40 1 0 1865.75
13 156.13 157.27 156.70 1.14 0 1 750.58
8 155.00 153.87 154.44 -1.13 0 1 708.33
4 153.87 152.73 153.30 -1.14 1 0 903.98
12 156.13 155.00 155.57 -1.13 0 1 738.01
16 158.40 155.00 156.70 -3.40 0 1 963.45
7 155.00 151.60 153.30 -3.40 1 0 313.94
3 152.73 156.13 154.43 3.40 0 1 488.06
15 157.27 156.13 156.70 -1.14 0 1 368.16
1 151.60 155.00 153.30 3.40 0 1 455.94
9 155.00 156.13 155.57 1.13 1 0 798.56
12 156.13 155.00 155.57 -1.13 0 1 290.47
3 152.73 156.13 154.43 3.40 0 1 544.40
14 157.27 153.87 155.57 -3.40 0 1 1805.25
9 155.00 156.13 155.57 1.13 1 0 504.73
1 151.60 155.00 153.30 3.40 1 0 566.91
5 153.87 155.00 154.44 1.13 0 1 878.75
2 152.73 153.87 153.30 1.14 1 0 1860.69
11 156.13 152.73 154.43 -3.40 0 1 498.09
8 155.00 153.87 154.44 -1.13 0 1 437.85
10 155.00 158.40 156.70 3.40 1 0 729.35
15 157.27 156.13 156.70 -1.14 1 0 1160.56
7 155.00 151.60 153.30 -3.40 0 1 368.69
13 156.13 157.27 156.70 1.14 0 1 1201.58
4 153.87 152.73 153.30 -1.14 1 0 390.79
16 158.40 155.00 156.70 -3.40 0 1 811.46
6 153.87 157.27 155.57 3.40 1 0 375.85
5 153.87 155.00 154.44 1.13 0 1 449.54
16 158.40 155.00 156.70 -3.40 0 1 1295.95
13 156.13 157.27 156.70 1.14 1 0 802.38
8 155.00 153.87 154.44 -1.13 1 0 773.98
6 153.87 157.27 155.57 3.40 0 1 813.60
10 155.00 158.40 156.70 3.40 0 1 369.79
1 151.60 155.00 153.30 3.40 0 1 1997.13
2 152.73 153.87 153.30 1.14 1 0 731.05
15 157.27 156.13 156.70 -1.14 1 0 1344.11
11 156.13 152.73 154.43 -3.40 0 1 566.16
4 153.87 152.73 153.30 -1.14 0 1 1214.27
9 155.00 156.13 155.57 1.13 0 1 1340.86
7 155.00 151.60 153.30 -3.40 0 1 4448.61
14 157.27 153.87 155.57 -3.40 0 1 3440.00
12 156.13 155.00 155.57 -1.13 0 1 2292.12
3 152.73 156.13 154.43 3.40 1 0 745.10
7 155.00 151.60 153.30 -3.40 0 1 299.36
8 155.00 153.87 154.44 -1.13 0 1 717.01
13 156.13 157.27 156.70 1.14 1 0 517.14
11 156.13 152.73 154.43 -3.40 0 1 1947.07
14 157.27 153.87 155.57 -3.40 0 1 3590.48
9 155.00 156.13 155.57 1.13 0 1 1229.71
5 153.87 155.00 154.44 1.13 1 0 737.72
10 155.00 158.40 156.70 3.40 0 1 524.12
3 152.73 156.13 154.43 3.40 0 1 583.58
1 151.60 155.00 153.30 3.40 1 0 483.60
15 157.27 156.13 156.70 -1.14 1 0 441.36
12 156.13 155.00 155.57 -1.13 0 1 1082.50
6 153.87 157.27 155.57 3.40 0 1 428.93
2 152.73 153.87 153.30 1.14 0 1 506.21
4 153.87 152.73 153.30 -1.14 0 1 1017.25
16 158.40 155.00 156.70 -3.40 1 0 386.21
