13 156.13 157.27 156.70 1.14 1 0 2056.86
15 157.27 156.13 156.70 -1.14 0 1 1758.67
3 152.73 156.13 154.43 3.40 1 0 5386.17
10 155.00 158.40 156.70 3.40 0 1 1836.70
2 152.73 153.87 153.30 1.14 1 0 473.29
5 153.87 155.00 154.44 1.13 0 1 671.05
9 155.00 156.13 155.57 1.13 1 0 602.01
16 158.40 155.00 156.70 -3.40 0 1 536.48
8 155.00 153.87 154.44 -1.13 0 1 2008.98
7 155.00 151.60 153.30 -3.40 1 0 447.68
11 156.13 152.73 154.43 -3.40 0 1 3171.56
14 157.27 153.87 155.57 -3.40 1 0 644.35
12 156.13 155.00 155.57 -1.13 0 1 380.09
4 153.87 152.73 153.30 -1.14 0 1 944.27
1 151.60 155.00 153.30 3.40 1 0 602.32
6 153.87 157.27 155.57 3.40 0 1 609.77
15 157.27 156.13 156.70 -1.14 1 0 3328.51
2 152.73 153.87 153.30 1.14 1 0 840.62
8 155.00 153.87 154.44 -1.13 0 1 517.72
7 155.00 151.60 153.30 -3.40 0 1 2142.49
12 156.13 155.00 155.57 -1.13 1 0 593.52
13 156.13 157.27 156.70 1.14 0 1 2017.02
4 153.87 152.73 153.30 -1.14 1 0 1030.95
11 156.13 152.73 154.43 -3.40 0 1 406.23
5 153.87 155.00 154.44 1.13 1 0 545.46
3 152.73 156.13 154.43 3.40 0 1 403.80
6 153.87 157.27 155.57 3.40 0 1 382.61
10 155.00 158.40 156.70 3.40 1 0 465.85
9 155.00 156.13 155.57 1.13 1 0 657.58
14 157.27 153.87 155.57 -3.40 1 0 3613.60
1 151.60 155.00 153.30 3.40 0 1 4934.90
16 158.40 155.00 156.70 -3.40 0 1 827.92
2 152.73 153.87 153.30 1.14 1 0 603.43
8 155.00 153.87 154.44 -1.13 1 0 623.92
3 152.73 156.13 154.43 3.40 1 0 687.14
15 157.27 156.13 156.70 -1.14 0 1 414.81
1 151.60 155.00 153.30 3.40 1 0 382.23
13 156.13 157.27 156.70 1.14 0 1 455.60
14 157.27 153.87 155.57 -3.40 1 0 496.55
7 155.00 151.60 153.30 -3.40 1 0 1358.88
5 153.87 155.00 154.44 1.13 0 1 555.68
4 153.87 152.73 153.30 -1.14 0 1 539.72
10 155.00 158.40 156.70 3.40 1 0 603.96
9 155.00 156.13 155.57 1.13 1 0 730.50
6 153.87 157.27 155.57 3.40 0 1 921.10
11 156.13 152.73 154.43 -3.40 0 1 1083.60
12 156.13 155.00 155.57 -1.13 0 1 456.63
16 158.40 155.00 156.70 -3.40 0 1 530.24
8 155.00 153.87 154.44 -1.13 1 0 503.67
3 152.73 156.13 154.43 3.40 0 1 517.49
5 153.87 155.00 154.44 1.13 0 1 426.60
7 155.00 151.60 153.30 -3.40 0 1 487.27
10 155.00 158.40 156.70 3.40 1 0 360.24
12 156.13 155.00 155.57 -1.13 0 1 473.01
4 153.87 152.73 153.30 -1.14 0 1 374.61
6 153.87 157.27 155.57 3.40 1 0 576.83
9 155.00 156.13 155.57 1.13 0 1 485.62
2 152.73 153.87 153.30 1.14 0 1 535.90
13 156.13 157.27 156.70 1.14 1 0 439.24
1 151.60 155.00 153.30 3.40 0 1 332.72
15 157.27 156.13 156.70 -1.14 1 0 740.55
11 156.13 152.73 154.43 -3.40 0 1 387.74
16 158.40 155.00 156.70 -3.40 0 1 1169.29
14 157.27 153.87 155.57 -3.40 1 0 409.31
15 157.27 156.13 156.70 -1.14 1 0 568.09
13 156.13 157.27 156.70 1.14 0 1 366.46
2 152.73 153.87 153.30 1.14 0 1 383.93
5 153.87 155.00 154.44 1.13 1 0 467.06
6 153.87 157.27 155.57 3.40 0 1 461.65
11 156.13 152.73 154.43 -3.40 1 0 379.78
3 152.73 156.13 154.43 3.40 0 1 414.02
12 156.13 155.00 155.57 -1.13 1 0 415.17
8 155.00 153.87 154.44 -1.13 0 1 351.21
14 157.27 153.87 155.57 -3.40 1 0 363.38
4 153.87 152.73 153.30 -1.14 1 0 283.67
1 151.60 155.00 153.30 3.40 0 1 412.77
9 155.00 156.13 155.57 1.13 0 1 300.44
10 155.00 158.40 156.70 3.40 1 0 351.92
16 158.40 155.00 156.70 -3.40 0 1 345.64
7 155.00 151.60 153.30 -3.40 1 0 385.03
13 156.13 157.27 156.70 1.14 0 1 472.39
2 152.73 153.87 153.30 1.14 0 1 451.70
3 152.73 156.13 154.43 3.40 0 1 375.02
4 153.87 152.73 153.30 -1.14 1 0 550.38
7 155.00 151.60 153.30 -3.40 0 1 389.91
9 155.00 156.13 155.57 1.13 0 1 382.44
11 156.13 152.73 154.43 -3.40 1 0 492.48
10 155.00 158.40 156.70 3.40 0 1 464.44
5 153.87 155.00 154.44 1.13 0 1 462.36
1 151.60 155.00 153.30 3.40 0 1 582.65
16 158.40 155.00 156.70 -3.40 0 1 479.91
8 155.00 153.87 154.44 -1.13 1 0 704.80
6 153.87 157.27 155.57 3.40 0 1 411.63
15 157.27 156.13 156.70 -1.14 0 1 690.45
12 156.13 155.00 155.57 -1.13 0 1 642.04
14 157.27 153.87 155.57 -3.40 0 1 1923.47
11 156.13 152.73 154.43 -3.40 0 1 563.28
4 153.87 152.73 153.30 -1.14 0 1 0.19
7 155.00 151.60 153.30 -3.40 1 0 582.90
8 155.00 153.87 154.44 -1.13 0 1 722.42
16 158.40 155.00 156.70 -3.40 0 1 853.99
3 152.73 156.13 154.43 3.40 1 0 563.45
14 157.27 153.87 155.57 -3.40 1 0 616.62
10 155.00 158.40 156.70 3.40 0 1 514.33
5 153.87 155.00 154.44 1.13 0 1 545.07
13 156.13 157.27 156.70 1.14 0 1 403.90
12 156.13 155.00 155.57 -1.13 1 0 464.93
6 153.87 157.27 155.57 3.40 0 1 901.03
15 157.27 156.13 156.70 -1.14 0 1 413.28
1 151.60 155.00 153.30 3.40 1 0 2434.22
2 152.73 153.87 153.30 1.14 1 0 533.12
9 155.00 156.13 155.57 1.13 0 1 1006.38
11 156.13 152.73 154.43 -3.40 1 0 1770.74
7 155.00 151.60 153.30 -3.40 1 0 851.20
13 156.13 157.27 156.70 1.14 0 1 1258.08
12 156.13 155.00 155.57 -1.13 1 0 1201.51
16 158.40 155.00 156.70 -3.40 0 1 829.88
9 155.00 156.13 155.57 1.13 0 1 835.22
6 153.87 157.27 155.57 3.40 0 1 3857.54
3 152.73 156.13 154.43 3.40 1 0 1457.78
10 155.00 158.40 156.70 3.40 0 1 1060.34
2 152.73 153.87 153.30 1.14 1 0 1678.33
5 153.87 155.00 154.44 1.13 0 1 1096.90
8 155.00 153.87 154.44 -1.13 0 1 1374.04
14 157.27 153.87 155.57 -3.40 0 1 859.57
15 157.27 156.13 156.70 -1.14 1 0 838.95
4 153.87 152.73 153.30 -1.14 0 1 714.95
1 151.60 155.00 153.30 3.40 1 0 866.42
10 155.00 158.40 156.70 3.40 0 1 1296.40
7 155.00 151.60 153.30 -3.40 0 1 683.35
15 157.27 156.13 156.70 -1.14 0 1 1116.47
1 151.60 155.00 153.30 3.40 0 1 573.45
8 155.00 153.87 154.44 -1.13 1 0 751.27
13 156.13 157.27 156.70 1.14 0 1 837.36
6 153.87 157.27 155.57 3.40 1 0 1023.18
2 152.73 153.87 153.30 1.14 0 1 1769.02
4 153.87 152.73 153.30 -1.14 1 0 1846.58
12 156.13 155.00 155.57 -1.13 1 0 3769.34
3 152.73 156.13 154.43 3.40 1 0 1618.22
5 153.87 155.00 154.44 1.13 0 1 1071.87
11 156.13 152.73 154.43 -3.40 0 1 889.31
9 155.00 156.13 155.57 1.13 0 1 2567.15
14 157.27 153.87 155.57 -3.40 1 0 1715.50
16 158.40 155.00 156.70 -3.40 0 1 1111.49
4 153.87 152.73 153.30 -1.14 1 0 1919.95
3 152.73 156.13 154.43 3.40 0 1 2312.45
2 152.73 153.87 153.30 1.14 0 1 870.37
7 155.00 151.60 153.30 -3.40 1 0 473.27
8 155.00 153.87 154.44 -1.13 0 1 1379.07
6 153.87 157.27 155.57 3.40 1 0 1070.54
12 156.13 155.00 155.57 -1.13 0 1 2361.21
10 155.00 158.40 156.70 3.40 0 1 1923.94
13 156.13 157.27 156.70 1.14 0 1 1657.99
15 157.27 156.13 156.70 -1.14 0 1 1309.39
16 158.40 155.00 156.70 -3.40 0 1 953.41
11 156.13 152.73 154.43 -3.40 1 0 1501.20
9 155.00 156.13 155.57 1.13 1 0 1321.60
14 157.27 153.87 155.57 -3.40 1 0 493.36
5 153.87 155.00 154.44 1.13 0 1 2216.36
1 151.60 155.00 153.30 3.40 0 1 381.43
6 153.87 157.27 155.57 3.40 1 0 959.68
7 155.00 151.60 153.30 -3.40 1 0 955.32
5 153.87 155.00 154.44 1.13 0 1 673.22
4 153.87 152.73 153.30 -1.14 0 1 545.78
13 156.13 157.27 156.70 1.14 1 0 1141.98
14 157.27 153.87 155.57 -3.40 0 1 899.29
12 156.13 155.00 155.57 -1.13 1 0 541.14
15 157.27 156.13 156.70 -1.14 1 0 760.75
11 156.13 152.73 154.43 -3.40 1 0 576.47
8 155.00 153.87 154.44 -1.13 1 0 815.85
16 158.40 155.00 156.70 -3.40 1 0 718.63
9 155.00 156.13 155.57 1.13 1 0 734.29
10 155.00 158.40 156.70 3.40 1 0 721.74
3 152.73 156.13 154.43 3.40 0 1 733.07
2 152.73 153.87 153.30 1.14 1 0 773.93
1 151.60 155.00 153.30 3.40 0 1 540.45
14 157.27 153.87 155.57 -3.40 0 1 594.98
10 155.00 158.40 156.70 3.40 0 1 663.34
16 158.40 155.00 156.70 -3.40 0 1 656.02
9 155.00 156.13 155.57 1.13 0 1 809.59
8 155.00 153.87 154.44 -1.13 0 1 533.16
13 156.13 157.27 156.70 1.14 1 0 845.95
4 153.87 152.73 153.30 -1.14 0 1 526.56
15 157.27 156.13 156.70 -1.14 1 0 680.04
12 156.13 155.00 155.57 -1.13 0 1 748.65
5 153.87 155.00 154.44 1.13 1 0 740.42
11 156.13 152.73 154.43 -3.40 1 0 705.82
2 152.73 153.87 153.30 1.14 0 1 674.36
1 151.60 155.00 153.30 3.40 1 0 777.67
3 152.73 156.13 154.43 3.40 1 0 715.32
6 153.87 157.27 155.57 3.40 1 0 700.10
7 155.00 151.60 153.30 -3.40 1 0 921.52
4 153.87 152.73 153.30 -1.14 0 1 1417.14
15 157.27 156.13 156.70 -1.14 0 1 481.46
2 152.73 153.87 153.30 1.14 1 0 635.06
3 152.73 156.13 154.43 3.40 0 1 1135.61
10 155.00 158.40 156.70 3.40 1 0 1541.24
12 156.13 155.00 155.57 -1.13 0 1 1176.10
14 157.27 153.87 155.57 -3.40 1 0 671.02
16 158.40 155.00 156.70 -3.40 1 0 583.13
13 156.13 157.27 156.70 1.14 0 1 456.25
9 155.00 156.13 155.57 1.13 1 0 329.70
7 155.00 151.60 153.30 -3.40 0 1 384.79
1 151.60 155.00 153.30 3.40 1 0 636.04
6 153.87 157.27 155.57 3.40 0 1 1241.46
5 153.87 155.00 154.44 1.13 0 1 653.96
8 155.00 153.87 154.44 -1.13 1 0 398.56
11 156.13 152.73 154.43 -3.40 0 1 363.57
1 151.60 155.00 153.30 3.40 1 0 1351.54
14 157.27 153.87 155.57 -3.40 1 0 581.09
9 155.00 156.13 155.57 1.13 0 1 1126.96
6 153.87 157.27 155.57 3.40 1 0 414.47
8 155.00 153.87 154.44 -1.13 1 0 480.06
2 152.73 153.87 153.30 1.14 1 0 1257.70
4 153.87 152.73 153.30 -1.14 1 0 2750.62
11 156.13 152.73 154.43 -3.40 1 0 1066.59
3 152.73 156.13 154.43 3.40 1 0 557.45
16 158.40 155.00 156.70 -3.40 1 0 730.26
12 156.13 155.00 155.57 -1.13 1 0 1229.21
5 153.87 155.00 154.44 1.13 1 0 639.22
7 155.00 151.60 153.30 -3.40 0 1 485.25
13 156.13 157.27 156.70 1.14 1 0 408.30
15 157.27 156.13 156.70 -1.14 0 1 434.13
10 155.00 158.40 156.70 3.40 1 0 356.37
5 153.87 155.00 154.44 1.13 0 1 452.15
3 152.73 156.13 154.43 3.40 1 0 399.63
4 153.87 152.73 153.30 -1.14 1 0 1674.57
14 157.27 153.87 155.57 -3.40 1 0 613.10
2 152.73 153.87 153.30 1.14 1 0 98.79
8 155.00 153.87 154.44 -1.13 1 0 1077.35
1 151.60 155.00 153.30 3.40 1 0 503.31
6 153.87 157.27 155.57 3.40 0 1 2091.41
16 158.40 155.00 156.70 -3.40 1 0 4036.66
9 155.00 156.13 155.57 1.13 1 0 627.63
12 156.13 155.00 155.57 -1.13 0 1 409.10
10 155.00 158.40 156.70 3.40 1 0 375.76
13 156.13 157.27 156.70 1.14 1 0 920.98
15 157.27 156.13 156.70 -1.14 0 1 377.31
11 156.13 152.73 154.43 -3.40 1 0 1533.93
7 155.00 151.60 153.30 -3.40 1 0 408.96
2 152.73 153.87 153.30 1.14 1 0 5986.70
13 156.13 157.27 156.70 1.14 1 0 2049.30
6 153.87 157.27 155.57 3.40 0 1 6048.80
10 155.00 158.40 156.70 3.40 0 1 1429.66
12 156.13 155.00 155.57 -1.13 0 1 3772.76
3 152.73 156.13 154.43 3.40 0 1 808.81
9 155.00 156.13 155.57 1.13 1 0 995.67
8 155.00 153.87 154.44 -1.13 0 1 1935.86
14 157.27 153.87 155.57 -3.40 1 0 403.02
15 157.27 156.13 156.70 -1.14 1 0 565.13
11 156.13 152.73 154.43 -3.40 0 1 2871.50
5 153.87 155.00 154.44 1.13 0 1 516.36
16 158.40 155.00 156.70 -3.40 0 1 707.65
7 155.00 151.60 153.30 -3.40 0 1 944.46
4 153.87 152.73 153.30 -1.14 0 1 989.07
1 151.60 155.00 153.30 3.40 0 1 726.77
7 155.00 151.60 153.30 -3.40 0 1 2294.06
11 156.13 152.73 154.43 -3.40 0 1 4274.16
12 156.13 155.00 155.57 -1.13 0 1 852.91
9 155.00 156.13 155.57 1.13 0 1 1251.30
3 152.73 156.13 154.43 3.40 0 1 3256.70
10 155.00 158.40 156.70 3.40 1 0 5287.61
2 152.73 153.87 153.30 1.14 0 1 792.06
4 153.87 152.73 153.30 -1.14 0 1 595.11
6 153.87 157.27 155.57 3.40 0 1 2111.37
5 153.87 155.00 154.44 1.13 1 0 671.38
14 157.27 153.87 155.57 -3.40 0 1 921.37
15 157.27 156.13 156.70 -1.14 1 0 723.92
16 158.40 155.00 156.70 -3.40 1 0 1841.35
13 156.13 157.27 156.70 1.14 0 1 1572.78
8 155.00 153.87 154.44 -1.13 0 1 4522.77
1 151.60 155.00 153.30 3.40 1 0 548.60
5 153.87 155.00 154.44 1.13 0 1 1159.95
6 153.87 157.27 155.57 3.40 1 0 419.53
11 156.13 152.73 154.43 -3.40 0 1 377.84
15 157.27 156.13 156.70 -1.14 0 1 477.42
8 155.00 153.87 154.44 -1.13 1 0 406.73
12 156.13 155.00 155.57 -1.13 0 1 549.60
3 152.73 156.13 154.43 3.40 0 1 491.09
4 153.87 152.73 153.30 -1.14 0 1 474.26
2 152.73 153.87 153.30 1.14 1 0 2880.18
13 156.13 157.27 156.70 1.14 0 1 1566.37
14 157.27 153.87 155.57 -3.40 1 0 598.80
9 155.00 156.13 155.57 1.13 0 1 1198.01
7 155.00 151.60 153.30 -3.40 1 0 392.89
1 151.60 155.00 153.30 3.40 0 1 455.04
10 155.00 158.40 156.70 3.40 0 1 600.42
16 158.40 155.00 156.70 -3.40 0 1 1291.14
