13 156.13 157.27 156.70 1.14 0 1 1046.05
15 157.27 156.13 156.70 -1.14 1 0 899.14
3 152.73 156.13 154.43 3.40 0 1 581.93
10 155.00 158.40 156.70 3.40 0 1 756.44
2 152.73 153.87 153.30 1.14 0 1 1163.38
5 153.87 155.00 154.44 1.13 1 0 712.66
9 155.00 156.13 155.57 1.13 1 0 631.40
16 158.40 155.00 156.70 -3.40 1 0 666.82
8 155.00 153.87 154.44 -1.13 1 0 496.91
7 155.00 151.60 153.30 -3.40 0 1 458.33
11 156.13 152.73 154.43 -3.40 0 1 782.25
14 157.27 153.87 155.57 -3.40 1 0 536.14
12 156.13 155.00 155.57 -1.13 1 0 692.13
4 153.87 152.73 153.30 -1.14 1 0 808.85
1 151.60 155.00 153.30 3.40 0 1 665.83
6 153.87 157.27 155.57 3.40 0 1 918.55
15 157.27 156.13 156.70 -1.14 1 0 938.20
2 152.73 153.87 153.30 1.14 0 1 779.11
8 155.00 153.87 154.44 -1.13 0 1 639.79
7 155.00 151.60 153.30 -3.40 0 1 788.57
12 156.13 155.00 155.57 -1.13 1 0 738.49
13 156.13 157.27 156.70 1.14 1 0 927.44
4 153.87 152.73 153.30 -1.14 0 1 815.75
11 156.13 152.73 154.43 -3.40 1 0 902.21
5 153.87 155.00 154.44 1.13 0 1 416.56
3 152.73 156.13 154.43 3.40 0 1 596.46
6 153.87 157.27 155.57 3.40 0 1 656.71
10 155.00 158.40 156.70 3.40 1 0 593.89
9 155.00 156.13 155.57 1.13 1 0 1316.72
14 157.27 153.87 155.57 -3.40 0 1 812.24
1 151.60 155.00 153.30 3.40 0 1 783.12
16 158.40 155.00 156.70 -3.40 1 0 588.09
2 152.73 153.87 153.30 1.14 0 1 618.03
8 155.00 153.87 154.44 -1.13 0 1 587.44
3 152.73 156.13 154.43 3.40 0 1 581.22
15 157.27 156.13 156.70 -1.14 1 0 625.33
1 151.60 155.00 153.30 3.40 0 1 628.06
13 156.13 157.27 156.70 1.14 1 0 565.09
14 157.27 153.87 155.57 -3.40 1 0 620.34
7 155.00 151.60 153.30 -3.40 0 1 538.87
5 153.87 155.00 154.44 1.13 0 1 730.61
4 153.87 152.73 153.30 -1.14 1 0 702.86
10 155.00 158.40 156.70 3.40 0 1 657.96
9 155.00 156.13 155.57 1.13 1 0 1022.98
6 153.87 157.27 155.57 3.40 1 0 844.26
11 156.13 152.73 154.43 -3.40 1 0 1044.06
12 156.13 155.00 155.57 -1.13 0 1 845.39
16 158.40 155.00 156.70 -3.40 1 0 749.68
8 155.00 153.87 154.44 -1.13 0 1 673.89
3 152.73 156.13 154.43 3.40 0 1 620.16
5 153.87 155.00 154.44 1.13 1 0 1082.63
7 155.00 151.60 153.30 -3.40 1 0 632.69
10 155.00 158.40 156.70 3.40 1 0 641.37
12 156.13 155.00 155.57 -1.13 0 1 738.40
4 153.87 152.73 153.30 -1.14 0 1 646.46
6 153.87 157.27 155.57 3.40 0 1 725.37
9 155.00 156.13 155.57 1.13 1 0 1006.18
2 152.73 153.87 153.30 1.14 1 0 975.48
13 156.13 157.27 156.70 1.14 1 0 915.25
1 151.60 155.00 153.30 3.40 0 1 655.03
15 157.27 156.13 156.70 -1.14 1 0 1265.66
11 156.13 152.73 154.43 -3.40 1 0 710.03
16 158.40 155.00 156.70 -3.40 1 0 673.74
14 157.27 153.87 155.57 -3.40 1 0 831.83
15 157.27 156.13 156.70 -1.14 1 0 872.70
13 156.13 157.27 156.70 1.14 1 0 918.53
2 152.73 153.87 153.30 1.14 0 1 822.51
5 153.87 155.00 154.44 1.13 1 0 719.34
6 153.87 157.27 155.57 3.40 0 1 714.95
11 156.13 152.73 154.43 -3.40 1 0 964.89
3 152.73 156.13 154.43 3.40 0 1 775.56
12 156.13 155.00 155.57 -1.13 1 0 848.57
8 155.00 153.87 154.44 -1.13 1 0 867.79
14 157.27 153.87 155.57 -3.40 1 0 766.82
4 153.87 152.73 153.30 -1.14 0 1 723.38
1 151.60 155.00 153.30 3.40 0 1 611.80
9 155.00 156.13 155.57 1.13 0 1 1185.00
10 155.00 158.40 156.70 3.40 0 1 707.56
16 158.40 155.00 156.70 -3.40 1 0 843.87
7 155.00 151.60 153.30 -3.40 1 0 851.63
13 156.13 157.27 156.70 1.14 1 0 884.98
2 152.73 153.87 153.30 1.14 0 1 665.93
3 152.73 156.13 154.43 3.40 0 1 621.54
4 153.87 152.73 153.30 -1.14 0 1 1439.20
7 155.00 151.60 153.30 -3.40 0 1 990.75
9 155.00 156.13 155.57 1.13 1 0 1582.21
11 156.13 152.73 154.43 -3.40 1 0 773.79
10 155.00 158.40 156.70 3.40 1 0 1098.86
5 153.87 155.00 154.44 1.13 0 1 917.36
1 151.60 155.00 153.30 3.40 0 1 637.96
16 158.40 155.00 156.70 -3.40 1 0 621.20
8 155.00 153.87 154.44 -1.13 0 1 1092.80
6 153.87 157.27 155.57 3.40 0 1 735.20
15 157.27 156.13 156.70 -1.14 1 0 929.99
12 156.13 155.00 155.57 -1.13 1 0 662.59
14 157.27 153.87 155.57 -3.40 1 0 813.52
11 156.13 152.73 154.43 -3.40 1 0 797.57
4 153.87 152.73 153.30 -1.14 1 0 846.20
7 155.00 151.60 153.30 -3.40 0 1 714.35
8 155.00 153.87 154.44 -1.13 1 0 687.02
16 158.40 155.00 156.70 -3.40 1 0 735.68
3 152.73 156.13 154.43 3.40 0 1 840.56
14 157.27 153.87 155.57 -3.40 1 0 637.14
10 155.00 158.40 156.70 3.40 0 1 1401.99
5 153.87 155.00 154.44 1.13 1 0 759.24
13 156.13 157.27 156.70 1.14 1 0 792.59
12 156.13 155.00 155.57 -1.13 1 0 900.84
6 153.87 157.27 155.57 3.40 1 0 535.93
15 157.27 156.13 156.70 -1.14 1 0 560.23
1 151.60 155.00 153.30 3.40 0 1 586.62
2 152.73 153.87 153.30 1.14 0 1 488.91
9 155.00 156.13 155.57 1.13 0 1 674.38
11 156.13 152.73 154.43 -3.40 1 0 1064.31
7 155.00 151.60 153.30 -3.40 1 0 1132.20
13 156.13 157.27 156.70 1.14 0 1 557.50
12 156.13 155.00 155.57 -1.13 1 0 715.11
16 158.40 155.00 156.70 -3.40 1 0 610.83
9 155.00 156.13 155.57 1.13 0 1 875.03
6 153.87 157.27 155.57 3.40 0 1 684.73
3 152.73 156.13 154.43 3.40 0 1 1004.49
10 155.00 158.40 156.70 3.40 1 0 831.66
2 152.73 153.87 153.30 1.14 0 1 589.82
5 153.87 155.00 154.44 1.13 0 1 653.47
8 155.00 153.87 154.44 -1.13 0 1 925.88
14 157.27 153.87 155.57 -3.40 1 0 671.75
15 157.27 156.13 156.70 -1.14 1 0 673.16
4 153.87 152.73 153.30 -1.14 0 1 799.74
1 151.60 155.00 153.30 3.40 0 1 635.37
10 155.00 158.40 156.70 3.40 0 1 616.76
7 155.00 151.60 153.30 -3.40 1 0 808.90
15 157.27 156.13 156.70 -1.14 1 0 649.27
1 151.60 155.00 153.30 3.40 0 1 709.06
8 155.00 153.87 154.44 -1.13 1 0 887.06
13 156.13 157.27 156.70 1.14 1 0 687.11
6 153.87 157.27 155.57 3.40 0 1 664.70
2 152.73 153.87 153.30 1.14 0 1 589.72
4 153.87 152.73 153.30 -1.14 1 0 775.78
12 156.13 155.00 155.57 -1.13 0 1 572.71
3 152.73 156.13 154.43 3.40 0 1 964.61
5 153.87 155.00 154.44 1.13 0 1 592.31
11 156.13 152.73 154.43 -3.40 1 0 710.85
9 155.00 156.13 155.57 1.13 0 1 536.47
14 157.27 153.87 155.57 -3.40 1 0 593.10
16 158.40 155.00 156.70 -3.40 1 0 496.82
4 153.87 152.73 153.30 -1.14 0 1 627.20
3 152.73 156.13 154.43 3.40 0 1 656.68
2 152.73 153.87 153.30 1.14 0 1 942.93
7 155.00 151.60 153.30 -3.40 1 0 621.27
8 155.00 153.87 154.44 -1.13 0 1 601.02
6 153.87 157.27 155.57 3.40 0 1 630.11
12 156.13 155.00 155.57 -1.13 1 0 609.38
10 155.00 158.40 156.70 3.40 0 1 755.18
13 156.13 157.27 156.70 1.14 0 1 771.18
15 157.27 156.13 156.70 -1.14 1 0 579.82
16 158.40 155.00 156.70 -3.40 1 0 828.06
11 156.13 152.73 154.43 -3.40 1 0 711.02
9 155.00 156.13 155.57 1.13 1 0 879.83
14 157.27 153.87 155.57 -3.40 1 0 850.30
5 153.87 155.00 154.44 1.13 0 1 708.29
1 151.60 155.00 153.30 3.40 0 1 586.01
6 153.87 157.27 155.57 3.40 0 1 553.47
7 155.00 151.60 153.30 -3.40 1 0 798.01
5 153.87 155.00 154.44 1.13 1 0 672.96
4 153.87 152.73 153.30 -1.14 0 1 574.66
13 156.13 157.27 156.70 1.14 1 0 1266.77
14 157.27 153.87 155.57 -3.40 1 0 881.93
12 156.13 155.00 155.57 -1.13 1 0 985.17
15 157.27 156.13 156.70 -1.14 0 1 1049.54
11 156.13 152.73 154.43 -3.40 1 0 816.39
8 155.00 153.87 154.44 -1.13 1 0 726.31
16 158.40 155.00 156.70 -3.40 1 0 583.65
9 155.00 156.13 155.57 1.13 0 1 669.40
10 155.00 158.40 156.70 3.40 0 1 583.76
3 152.73 156.13 154.43 3.40 0 1 674.61
2 152.73 153.87 153.30 1.14 1 0 851.89
1 151.60 155.00 153.30 3.40 0 1 633.72
14 157.27 153.87 155.57 -3.40 1 0 679.75
10 155.00 158.40 156.70 3.40 1 0 531.37
16 158.40 155.00 156.70 -3.40 1 0 595.50
9 155.00 156.13 155.57 1.13 0 1 689.17
8 155.00 153.87 154.44 -1.13 0 1 610.05
13 156.13 157.27 156.70 1.14 1 0 715.39
4 153.87 152.73 153.30 -1.14 0 1 673.29
15 157.27 156.13 156.70 -1.14 1 0 1193.61
12 156.13 155.00 155.57 -1.13 1 0 994.34
5 153.87 155.00 154.44 1.13 0 1 921.52
11 156.13 152.73 154.43 -3.40 1 0 852.74
2 152.73 153.87 153.30 1.14 0 1 811.24
1 151.60 155.00 153.30 3.40 0 1 830.07
3 152.73 156.13 154.43 3.40 0 1 1111.80
6 153.87 157.27 155.57 3.40 0 1 666.70
7 155.00 151.60 153.30 -3.40 1 0 904.06
4 153.87 152.73 153.30 -1.14 0 1 543.46
15 157.27 156.13 156.70 -1.14 0 1 771.13
2 152.73 153.87 153.30 1.14 0 1 630.61
3 152.73 156.13 154.43 3.40 0 1 999.34
10 155.00 158.40 156.70 3.40 0 1 691.28
12 156.13 155.00 155.57 -1.13 1 0 597.17
14 157.27 153.87 155.57 -3.40 1 0 683.51
16 158.40 155.00 156.70 -3.40 1 0 791.82
13 156.13 157.27 156.70 1.14 0 1 861.57
9 155.00 156.13 155.57 1.13 0 1 898.96
7 155.00 151.60 153.30 -3.40 0 1 826.67
1 151.60 155.00 153.30 3.40 0 1 954.89
6 153.87 157.27 155.57 3.40 0 1 869.81
5 153.87 155.00 154.44 1.13 1 0 843.48
8 155.00 153.87 154.44 -1.13 0 1 618.02
11 156.13 152.73 154.43 -3.40 0 1 635.12
1 151.60 155.00 153.30 3.40 0 1 521.76
14 157.27 153.87 155.57 -3.40 0 1 781.51
9 155.00 156.13 155.57 1.13 1 0 504.43
6 153.87 157.27 155.57 3.40 0 1 687.84
8 155.00 153.87 154.44 -1.13 0 1 760.32
2 152.73 153.87 153.30 1.14 0 1 807.71
4 153.87 152.73 153.30 -1.14 0 1 642.90
11 156.13 152.73 154.43 -3.40 1 0 758.69
3 152.73 156.13 154.43 3.40 0 1 646.09
16 158.40 155.00 156.70 -3.40 1 0 757.03
12 156.13 155.00 155.57 -1.13 0 1 677.59
5 153.87 155.00 154.44 1.13 0 1 546.81
7 155.00 151.60 153.30 -3.40 0 1 807.86
13 156.13 157.27 156.70 1.14 0 1 828.60
15 157.27 156.13 156.70 -1.14 1 0 556.83
10 155.00 158.40 156.70 3.40 1 0 1090.53
5 153.87 155.00 154.44 1.13 1 0 864.62
3 152.73 156.13 154.43 3.40 0 1 582.80
4 153.87 152.73 153.30 -1.14 0 1 846.58
14 157.27 153.87 155.57 -3.40 1 0 797.19
2 152.73 153.87 153.30 1.14 0 1 641.93
8 155.00 153.87 154.44 -1.13 1 0 781.78
1 151.60 155.00 153.30 3.40 0 1 694.23
6 153.87 157.27 155.57 3.40 0 1 644.85
16 158.40 155.00 156.70 -3.40 1 0 610.72
9 155.00 156.13 155.57 1.13 0 1 650.52
12 156.13 155.00 155.57 -1.13 1 0 744.54
10 155.00 158.40 156.70 3.40 0 1 736.94
13 156.13 157.27 156.70 1.14 0 1 807.39
15 157.27 156.13 156.70 -1.14 1 0 525.69
11 156.13 152.73 154.43 -3.40 1 0 698.38
7 155.00 151.60 153.30 -3.40 1 0 489.85
2 152.73 153.87 153.30 1.14 0 1 587.04
13 156.13 157.27 156.70 1.14 0 1 542.70
6 153.87 157.27 155.57 3.40 0 1 749.20
10 155.00 158.40 156.70 3.40 0 1 833.46
12 156.13 155.00 155.57 -1.13 1 0 642.58
3 152.73 156.13 154.43 3.40 0 1 604.50
9 155.00 156.13 155.57 1.13 1 0 702.04
8 155.00 153.87 154.44 -1.13 1 0 620.06
14 157.27 153.87 155.57 -3.40 1 0 701.28
15 157.27 156.13 156.70 -1.14 1 0 527.37
11 156.13 152.73 154.43 -3.40 1 0 625.19
5 153.87 155.00 154.44 1.13 1 0 507.17
16 158.40 155.00 156.70 -3.40 1 0 635.48
7 155.00 151.60 153.30 -3.40 0 1 531.26
4 153.87 152.73 153.30 -1.14 0 1 578.89
1 151.60 155.00 153.30 3.40 1 0 640.03
7 155.00 151.60 153.30 -3.40 1 0 767.25
11 156.13 152.73 154.43 -3.40 1 0 790.83
12 156.13 155.00 155.57 -1.13 1 0 881.71
9 155.00 156.13 155.57 1.13 1 0 1118.65
3 152.73 156.13 154.43 3.40 0 1 811.17
10 155.00 158.40 156.70 3.40 0 1 836.36
2 152.73 153.87 153.30 1.14 0 1 1394.89
4 153.87 152.73 153.30 -1.14 0 1 1388.56
6 153.87 157.27 155.57 3.40 0 1 782.81
5 153.87 155.00 154.44 1.13 0 1 900.26
14 157.27 153.87 155.57 -3.40 1 0 888.28
15 157.27 156.13 156.70 -1.14 1 0 699.63
16 158.40 155.00 156.70 -3.40 1 0 684.03
13 156.13 157.27 156.70 1.14 1 0 699.95
8 155.00 153.87 154.44 -1.13 0 1 598.98
1 151.60 155.00 153.30 3.40 0 1 638.48
5 153.87 155.00 154.44 1.13 0 1 588.85
6 153.87 157.27 155.57 3.40 0 1 507.04
11 156.13 152.73 154.43 -3.40 1 0 742.79
15 157.27 156.13 156.70 -1.14 1 0 972.59
8 155.00 153.87 154.44 -1.13 0 1 614.78
12 156.13 155.00 155.57 -1.13 1 0 719.39
3 152.73 156.13 154.43 3.40 0 1 697.16
4 153.87 152.73 153.30 -1.14 1 0 1392.59
2 152.73 153.87 153.30 1.14 0 1 385.70
13 156.13 157.27 156.70 1.14 0 1 434.90
14 157.27 153.87 155.57 -3.40 1 0 504.96
9 155.00 156.13 155.57 1.13 1 0 379.09
7 155.00 151.60 153.30 -3.40 0 1 448.73
1 151.60 155.00 153.30 3.40 1 0 383.56
10 155.00 158.40 156.70 3.40 0 1 622.39
16 158.40 155.00 156.70 -3.40 1 0 565.07
