14 157.27 153.87 155.57 -3.40 1 0 1409.25
8 155.00 153.87 154.44 -1.13 0 1 1436.24
2 152.73 153.87 153.30 1.14 0 1 3522.82
10 155.00 158.40 156.70 3.40 1 0 2924.73
3 152.73 156.13 154.43 3.40 1 0 1043.30
6 153.87 157.27 155.57 3.40 1 0 850.75
5 153.87 155.00 154.44 1.13 0 1 989.36
7 155.00 151.60 153.30 -3.40 0 1 1232.59
12 156.13 155.00 155.57 -1.13 1 0 1177.71
11 156.13 152.73 154.43 -3.40 1 0 1189.19
9 155.00 156.13 155.57 1.13 1 0 2008.28
4 153.87 152.73 153.30 -1.14 1 0 1172.37
13 156.13 157.27 156.70 1.14 1 0 2210.62
1 151.60 155.00 153.30 3.40 0 1 1024.80
15 157.27 156.13 156.70 -1.14 1 0 693.61
16 158.40 155.00 156.70 -3.40 1 0 628.72
9 155.00 156.13 155.57 1.13 1 0 799.25
14 157.27 153.87 155.57 -3.40 1 0 618.23
12 156.13 155.00 155.57 -1.13 1 0 651.41
8 155.00 153.87 154.44 -1.13 1 0 1091.18
10 155.00 158.40 156.70 3.40 1 0 781.40
6 153.87 157.27 155.57 3.40 0 1 935.92
13 156.13 157.27 156.70 1.14 1 0 680.83
5 153.87 155.00 154.44 1.13 1 0 499.59
2 152.73 153.87 153.30 1.14 0 1 2125.30
4 153.87 152.73 153.30 -1.14 1 0 825.69
1 151.60 155.00 153.30 3.40 0 1 732.33
15 157.27 156.13 156.70 -1.14 1 0 711.13
11 156.13 152.73 154.43 -3.40 1 0 1074.18
7 155.00 151.60 153.30 -3.40 1 0 2304.57
3 152.73 156.13 154.43 3.40 0 1 1859.45
16 158.40 155.00 156.70 -3.40 1 0 546.61
2 152.73 153.87 153.30 1.14 0 1 610.66
3 152.73 156.13 154.43 3.40 1 0 496.44
16 158.40 155.00 156.70 -3.40 1 0 463.22
11 156.13 152.73 154.43 -3.40 0 1 952.63
15 157.27 156.13 156.70 -1.14 1 0 463.80
14 157.27 153.87 155.57 -3.40 1 0 517.72
1 151.60 155.00 153.30 3.40 0 1 683.96
6 153.87 157.27 155.57 3.40 1 0 1247.84
5 153.87 155.00 154.44 1.13 0 1 987.30
13 156.13 157.27 156.70 1.14 1 0 496.20
12 156.13 155.00 155.57 -1.13 0 1 877.88
4 153.87 152.73 153.30 -1.14 0 1 2040.58
10 155.00 158.40 156.70 3.40 1 0 724.28
8 155.00 153.87 154.44 -1.13 0 1 1027.10
9 155.00 156.13 155.57 1.13 1 0 544.69
7 155.00 151.60 153.30 -3.40 0 1 1156.72
5 153.87 155.00 154.44 1.13 1 0 595.15
8 155.00 153.87 154.44 -1.13 1 0 670.24
13 156.13 157.27 156.70 1.14 1 0 574.39
7 155.00 151.60 153.30 -3.40 0 1 562.12
9 155.00 156.13 155.57 1.13 1 0 514.15
2 152.73 153.87 153.30 1.14 0 1 886.43
15 157.27 156.13 156.70 -1.14 1 0 489.70
4 153.87 152.73 153.30 -1.14 0 1 1162.69
11 156.13 152.73 154.43 -3.40 0 1 928.95
12 156.13 155.00 155.57 -1.13 1 0 1264.90
16 158.40 155.00 156.70 -3.40 1 0 633.24
3 152.73 156.13 154.43 3.40 0 1 644.75
6 153.87 157.27 155.57 3.40 1 0 810.26
14 157.27 153.87 155.57 -3.40 1 0 707.44
10 155.00 158.40 156.70 3.40 1 0 523.51
1 151.60 155.00 153.30 3.40 0 1 797.22
14 157.27 153.87 155.57 -3.40 1 0 718.25
8 155.00 153.87 154.44 -1.13 1 0 1349.10
15 157.27 156.13 156.70 -1.14 1 0 895.92
7 155.00 151.60 153.30 -3.40 1 0 915.57
9 155.00 156.13 155.57 1.13 0 1 1275.46
11 156.13 152.73 154.43 -3.40 1 0 956.85
2 152.73 153.87 153.30 1.14 0 1 1094.25
10 155.00 158.40 156.70 3.40 1 0 706.39
3 152.73 156.13 154.43 3.40 0 1 837.67
13 156.13 157.27 156.70 1.14 1 0 692.47
12 156.13 155.00 155.57 -1.13 1 0 999.23
4 153.87 152.73 153.30 -1.14 0 1 716.07
5 153.87 155.00 154.44 1.13 1 0 566.08
6 153.87 157.27 155.57 3.40 0 1 872.22
1 151.60 155.00 153.30 3.40 0 1 867.69
16 158.40 155.00 156.70 -3.40 1 0 539.54
8 155.00 153.87 154.44 -1.13 1 0 975.67
3 152.73 156.13 154.43 3.40 0 1 1334.21
14 157.27 153.87 155.57 -3.40 1 0 648.09
1 151.60 155.00 153.30 3.40 0 1 777.24
5 153.87 155.00 154.44 1.13 1 0 605.55
12 156.13 155.00 155.57 -1.13 1 0 1152.67
4 153.87 152.73 153.30 -1.14 0 1 1305.17
11 156.13 152.73 154.43 -3.40 1 0 784.80
13 156.13 157.27 156.70 1.14 1 0 570.46
15 157.27 156.13 156.70 -1.14 1 0 782.55
7 155.00 151.60 153.30 -3.40 1 0 1176.32
6 153.87 157.27 155.57 3.40 0 1 796.45
10 155.00 158.40 156.70 3.40 1 0 1723.09
2 152.73 153.87 153.30 1.14 1 0 1150.16
9 155.00 156.13 155.57 1.13 0 1 945.83
16 158.40 155.00 156.70 -3.40 1 0 1091.78
12 156.13 155.00 155.57 -1.13 0 1 846.15
14 157.27 153.87 155.57 -3.40 1 0 625.80
16 158.40 155.00 156.70 -3.40 1 0 994.62
3 152.73 156.13 154.43 3.40 0 1 885.95
6 153.87 157.27 155.57 3.40 0 1 1000.35
1 151.60 155.00 153.30 3.40 0 1 897.50
11 156.13 152.73 154.43 -3.40 1 0 726.87
15 157.27 156.13 156.70 -1.14 1 0 595.53
4 153.87 152.73 153.30 -1.14 0 1 845.03
10 155.00 158.40 156.70 3.40 1 0 1146.20
8 155.00 153.87 154.44 -1.13 1 0 965.23
13 156.13 157.27 156.70 1.14 1 0 2453.19
9 155.00 156.13 155.57 1.13 1 0 1085.57
2 152.73 153.87 153.30 1.14 0 1 722.48
5 153.87 155.00 154.44 1.13 0 1 856.09
7 155.00 151.60 153.30 -3.40 0 1 597.95
5 153.87 155.00 154.44 1.13 0 1 953.81
6 153.87 157.27 155.57 3.40 1 0 918.20
12 156.13 155.00 155.57 -1.13 1 0 1416.25
15 157.27 156.13 156.70 -1.14 0 1 1048.91
2 152.73 153.87 153.30 1.14 0 1 830.11
10 155.00 158.40 156.70 3.40 0 1 1178.27
13 156.13 157.27 156.70 1.14 1 0 659.64
9 155.00 156.13 155.57 1.13 0 1 875.82
11 156.13 152.73 154.43 -3.40 1 0 535.08
14 157.27 153.87 155.57 -3.40 1 0 531.25
7 155.00 151.60 153.30 -3.40 0 1 927.32
3 152.73 156.13 154.43 3.40 0 1 614.51
4 153.87 152.73 153.30 -1.14 0 1 1157.71
1 151.60 155.00 153.30 3.40 0 1 817.73
16 158.40 155.00 156.70 -3.40 1 0 772.37
8 155.00 153.87 154.44 -1.13 1 0 1001.95
3 152.73 156.13 154.43 3.40 0 1 614.24
13 156.13 157.27 156.70 1.14 1 0 570.03
8 155.00 153.87 154.44 -1.13 1 0 835.94
5 153.87 155.00 154.44 1.13 0 1 615.94
6 153.87 157.27 155.57 3.40 1 0 1010.50
7 155.00 151.60 153.30 -3.40 1 0 1888.02
11 156.13 152.73 154.43 -3.40 0 1 1313.03
1 151.60 155.00 153.30 3.40 0 1 956.49
2 152.73 153.87 153.30 1.14 1 0 1068.30
10 155.00 158.40 156.70 3.40 1 0 883.70
14 157.27 153.87 155.57 -3.40 1 0 607.99
12 156.13 155.00 155.57 -1.13 0 1 888.63
15 157.27 156.13 156.70 -1.14 1 0 593.72
9 155.00 156.13 155.57 1.13 1 0 645.90
16 158.40 155.00 156.70 -3.40 1 0 666.11
4 153.87 152.73 153.30 -1.14 0 1 549.30
13 156.13 157.27 156.70 1.14 1 0 529.79
10 155.00 158.40 156.70 3.40 1 0 845.54
15 157.27 156.13 156.70 -1.14 1 0 727.84
8 155.00 153.87 154.44 -1.13 0 1 741.17
5 153.87 155.00 154.44 1.13 1 0 845.68
11 156.13 152.73 154.43 -3.40 1 0 558.90
6 153.87 157.27 155.57 3.40 1 0 596.24
7 155.00 151.60 153.30 -3.40 1 0 1128.85
2 152.73 153.87 153.30 1.14 0 1 640.46
14 157.27 153.87 155.57 -3.40 1 0 575.43
9 155.00 156.13 155.57 1.13 1 0 1277.35
16 158.40 155.00 156.70 -3.40 1 0 564.11
12 156.13 155.00 155.57 -1.13 1 0 926.72
4 153.87 152.73 153.30 -1.14 0 1 542.02
3 152.73 156.13 154.43 3.40 0 1 635.79
1 151.60 155.00 153.30 3.40 0 1 765.12
7 155.00 151.60 153.30 -3.40 1 0 833.32
8 155.00 153.87 154.44 -1.13 1 0 763.11
13 156.13 157.27 156.70 1.14 0 1 1588.02
10 155.00 158.40 156.70 3.40 0 1 1472.46
3 152.73 156.13 154.43 3.40 1 0 739.14
12 156.13 155.00 155.57 -1.13 0 1 601.69
4 153.87 152.73 153.30 -1.14 0 1 927.42
5 153.87 155.00 154.44 1.13 1 0 1893.77
16 158.40 155.00 156.70 -3.40 1 0 859.29
15 157.27 156.13 156.70 -1.14 1 0 895.16
11 156.13 152.73 154.43 -3.40 0 1 789.36
2 152.73 153.87 153.30 1.14 1 0 651.78
14 157.27 153.87 155.57 -3.40 1 0 576.45
6 153.87 157.27 155.57 3.40 1 0 604.50
9 155.00 156.13 155.57 1.13 0 1 1028.20
1 151.60 155.00 153.30 3.40 0 1 717.94
4 153.87 152.73 153.30 -1.14 0 1 670.98
8 155.00 153.87 154.44 -1.13 1 0 1305.86
6 153.87 157.27 155.57 3.40 0 1 907.08
15 157.27 156.13 156.70 -1.14 1 0 652.87
3 152.73 156.13 154.43 3.40 1 0 712.90
10 155.00 158.40 156.70 3.40 1 0 1046.94
11 156.13 152.73 154.43 -3.40 1 0 684.87
7 155.00 151.60 153.30 -3.40 0 1 599.09
2 152.73 153.87 153.30 1.14 0 1 815.99
9 155.00 156.13 155.57 1.13 0 1 657.27
16 158.40 155.00 156.70 -3.40 1 0 639.74
12 156.13 155.00 155.57 -1.13 0 1 812.64
14 157.27 153.87 155.57 -3.40 1 0 600.32
5 153.87 155.00 154.44 1.13 0 1 892.08
1 151.60 155.00 153.30 3.40 0 1 739.87
13 156.13 157.27 156.70 1.14 1 0 653.13
13 156.13 157.27 156.70 1.14 1 0 584.58
8 155.00 153.87 154.44 -1.13 1 0 972.29
12 156.13 155.00 155.57 -1.13 0 1 811.54
7 155.00 151.60 153.30 -3.40 0 1 1578.60
3 152.73 156.13 154.43 3.40 1 0 871.87
9 155.00 156.13 155.57 1.13 1 0 940.57
11 156.13 152.73 154.43 -3.40 0 1 974.19
2 152.73 153.87 153.30 1.14 0 1 970.64
6 153.87 157.27 155.57 3.40 1 0 888.15
15 157.27 156.13 156.70 -1.14 1 0 1274.38
4 153.87 152.73 153.30 -1.14 0 1 1006.96
16 158.40 155.00 156.70 -3.40 1 0 618.77
14 157.27 153.87 155.57 -3.40 1 0 552.48
10 155.00 158.40 156.70 3.40 1 0 583.27
5 153.87 155.00 154.44 1.13 1 0 802.03
1 151.60 155.00 153.30 3.40 1 0 495.72
1 151.60 155.00 153.30 3.40 0 1 721.29
14 157.27 153.87 155.57 -3.40 0 1 1213.60
8 155.00 153.87 154.44 -1.13 1 0 649.21
4 153.87 152.73 153.30 -1.14 1 0 567.81
13 156.13 157.27 156.70 1.14 1 0 750.91
5 153.87 155.00 154.44 1.13 1 0 528.22
16 158.40 155.00 156.70 -3.40 1 0 579.17
15 157.27 156.13 156.70 -1.14 1 0 522.57
9 155.00 156.13 155.57 1.13 1 0 622.27
11 156.13 152.73 154.43 -3.40 1 0 656.08
10 155.00 158.40 156.70 3.40 1 0 557.15
7 155.00 151.60 153.30 -3.40 1 0 1609.90
12 156.13 155.00 155.57 -1.13 1 0 1317.33
6 153.87 157.27 155.57 3.40 0 1 1651.46
3 152.73 156.13 154.43 3.40 0 1 1502.00
2 152.73 153.87 153.30 1.14 0 1 915.15
11 156.13 152.73 154.43 -3.40 1 0 882.71
10 155.00 158.40 156.70 3.40 1 0 981.76
14 157.27 153.87 155.57 -3.40 1 0 583.37
5 153.87 155.00 154.44 1.13 1 0 801.74
2 152.73 153.87 153.30 1.14 1 0 823.16
6 153.87 157.27 155.57 3.40 1 0 496.54
13 156.13 157.27 156.70 1.14 1 0 681.30
8 155.00 153.87 154.44 -1.13 1 0 1005.17
4 153.87 152.73 153.30 -1.14 0 1 1013.52
12 156.13 155.00 155.57 -1.13 1 0 619.68
16 158.40 155.00 156.70 -3.40 1 0 535.61
7 155.00 151.60 153.30 -3.40 0 1 1059.93
3 152.73 156.13 154.43 3.40 0 1 1612.68
15 157.27 156.13 156.70 -1.14 1 0 646.55
1 151.60 155.00 153.30 3.40 0 1 841.80
9 155.00 156.13 155.57 1.13 1 0 626.16
12 156.13 155.00 155.57 -1.13 1 0 657.78
3 152.73 156.13 154.43 3.40 0 1 882.94
14 157.27 153.87 155.57 -3.40 1 0 598.84
9 155.00 156.13 155.57 1.13 1 0 889.09
1 151.60 155.00 153.30 3.40 0 1 941.68
5 153.87 155.00 154.44 1.13 0 1 1520.96
2 152.73 153.87 153.30 1.14 0 1 969.21
11 156.13 152.73 154.43 -3.40 1 0 845.73
8 155.00 153.87 154.44 -1.13 0 1 762.91
10 155.00 158.40 156.70 3.40 1 0 592.61
15 157.27 156.13 156.70 -1.14 1 0 650.09
7 155.00 151.60 153.30 -3.40 0 1 1136.95
13 156.13 157.27 156.70 1.14 1 0 705.42
4 153.87 152.73 153.30 -1.14 1 0 966.90
16 158.40 155.00 156.70 -3.40 1 0 842.36
6 153.87 157.27 155.57 3.40 0 1 707.32
5 153.87 155.00 154.44 1.13 0 1 1827.50
16 158.40 155.00 156.70 -3.40 1 0 714.12
13 156.13 157.27 156.70 1.14 1 0 574.05
8 155.00 153.87 154.44 -1.13 1 0 978.41
6 153.87 157.27 155.57 3.40 1 0 1049.66
10 155.00 158.40 156.70 3.40 1 0 758.62
1 151.60 155.00 153.30 3.40 0 1 1641.93
2 152.73 153.87 153.30 1.14 0 1 1491.73
15 157.27 156.13 156.70 -1.14 1 0 1534.66
11 156.13 152.73 154.43 -3.40 1 0 1104.46
4 153.87 152.73 153.30 -1.14 0 1 979.45
9 155.00 156.13 155.57 1.13 1 0 934.97
7 155.00 151.60 153.30 -3.40 1 0 1441.48
14 157.27 153.87 155.57 -3.40 1 0 1073.69
12 156.13 155.00 155.57 -1.13 0 1 1113.35
3 152.73 156.13 154.43 3.40 0 1 1138.27
7 155.00 151.60 153.30 -3.40 0 1 1197.00
8 155.00 153.87 154.44 -1.13 1 0 1051.45
13 156.13 157.27 156.70 1.14 1 0 938.34
11 156.13 152.73 154.43 -3.40 1 0 877.05
14 157.27 153.87 155.57 -3.40 1 0 1058.41
9 155.00 156.13 155.57 1.13 0 1 1220.52
5 153.87 155.00 154.44 1.13 1 0 672.87
10 155.00 158.40 156.70 3.40 0 1 1692.94
3 152.73 156.13 154.43 3.40 0 1 1062.91
1 151.60 155.00 153.30 3.40 0 1 825.49
15 157.27 156.13 156.70 -1.14 1 0 530.81
12 156.13 155.00 155.57 -1.13 1 0 1476.69
6 153.87 157.27 155.57 3.40 1 0 932.06
2 152.73 153.87 153.30 1.14 0 1 589.29
4 153.87 152.73 153.30 -1.14 0 1 630.99
16 158.40 155.00 156.70 -3.40 1 0 554.33
