13 156.13 157.27 156.70 1.14 1 0 1443.91
15 157.27 156.13 156.70 -1.14 0 1 526.00
3 152.73 156.13 154.43 3.40 0 1 663.88
10 155.00 158.40 156.70 3.40 1 0 356.60
2 152.73 153.87 153.30 1.14 1 0 581.58
5 153.87 155.00 154.44 1.13 1 0 395.07
9 155.00 156.13 155.57 1.13 0 1 337.37
16 158.40 155.00 156.70 -3.40 1 0 404.62
8 155.00 153.87 154.44 -1.13 1 0 568.88
7 155.00 151.60 153.30 -3.40 1 0 590.20
11 156.13 152.73 154.43 -3.40 1 0 642.90
14 157.27 153.87 155.57 -3.40 1 0 678.58
12 156.13 155.00 155.57 -1.13 0 1 444.63
4 153.87 152.73 153.30 -1.14 1 0 512.99
1 151.60 155.00 153.30 3.40 0 1 318.48
6 153.87 157.27 155.57 3.40 0 1 432.66
15 157.27 156.13 156.70 -1.14 1 0 455.99
2 152.73 153.87 153.30 1.14 0 1 512.58
8 155.00 153.87 154.44 -1.13 1 0 399.66
7 155.00 151.60 153.30 -3.40 0 1 454.43
12 156.13 155.00 155.57 -1.13 1 0 391.13
13 156.13 157.27 156.70 1.14 0 1 409.15
4 153.87 152.73 153.30 -1.14 1 0 293.25
11 156.13 152.73 154.43 -3.40 0 1 347.90
5 153.87 155.00 154.44 1.13 0 1 352.47
3 152.73 156.13 154.43 3.40 1 0 475.73
6 153.87 157.27 155.57 3.40 0 1 375.26
10 155.00 158.40 156.70 3.40 1 0 712.75
9 155.00 156.13 155.57 1.13 1 0 492.16
14 157.27 153.87 155.57 -3.40 0 1 657.29
1 151.60 155.00 153.30 3.40 1 0 627.10
16 158.40 155.00 156.70 -3.40 1 0 578.88
2 152.73 153.87 153.30 1.14 0 1 478.43
8 155.00 153.87 154.44 -1.13 1 0 426.67
3 152.73 156.13 154.43 3.40 0 1 352.68
15 157.27 156.13 156.70 -1.14 0 1 384.86
1 151.60 155.00 153.30 3.40 0 1 753.51
13 156.13 157.27 156.70 1.14 1 0 646.99
14 157.27 153.87 155.57 -3.40 1 0 483.90
7 155.00 151.60 153.30 -3.40 0 1 533.69
5 153.87 155.00 154.44 1.13 1 0 738.07
4 153.87 152.73 153.30 -1.14 1 0 457.50
10 155.00 158.40 156.70 3.40 1 0 665.83
9 155.00 156.13 155.57 1.13 0 1 534.76
6 153.87 157.27 155.57 3.40 1 0 381.79
11 156.13 152.73 154.43 -3.40 1 0 498.22
12 156.13 155.00 155.57 -1.13 1 0 401.77
16 158.40 155.00 156.70 -3.40 1 0 509.81
8 155.00 153.87 154.44 -1.13 1 0 476.66
3 152.73 156.13 154.43 3.40 1 0 504.66
5 153.87 155.00 154.44 1.13 1 0 494.81
7 155.00 151.60 153.30 -3.40 1 0 509.96
10 155.00 158.40 156.70 3.40 1 0 434.19
12 156.13 155.00 155.57 -1.13 1 0 499.65
4 153.87 152.73 153.30 -1.14 1 0 427.39
6 153.87 157.27 155.57 3.40 1 0 504.05
9 155.00 156.13 155.57 1.13 1 0 495.17
2 152.73 153.87 153.30 1.14 1 0 508.28
13 156.13 157.27 156.70 1.14 1 0 638.60
1 151.60 155.00 153.30 3.40 0 1 499.83
15 157.27 156.13 156.70 -1.14 1 0 647.46
11 156.13 152.73 154.43 -3.40 1 0 898.53
16 158.40 155.00 156.70 -3.40 0 1 391.94
14 157.27 153.87 155.57 -3.40 1 0 534.13
15 157.27 156.13 156.70 -1.14 0 1 551.37
13 156.13 157.27 156.70 1.14 1 0 622.66
2 152.73 153.87 153.30 1.14 1 0 711.33
5 153.87 155.00 154.44 1.13 0 1 606.66
6 153.87 157.27 155.57 3.40 1 0 530.57
11 156.13 152.73 154.43 -3.40 0 1 514.45
3 152.73 156.13 154.43 3.40 1 0 550.82
12 156.13 155.00 155.57 -1.13 0 1 520.01
8 155.00 153.87 154.44 -1.13 1 0 570.28
14 157.27 153.87 155.57 -3.40 0 1 474.70
4 153.87 152.73 153.30 -1.14 1 0 381.16
1 151.60 155.00 153.30 3.40 0 1 541.12
9 155.00 156.13 155.57 1.13 0 1 663.98
10 155.00 158.40 156.70 3.40 1 0 574.44
16 158.40 155.00 156.70 -3.40 0 1 427.27
7 155.00 151.60 153.30 -3.40 1 0 392.61
13 156.13 157.27 156.70 1.14 1 0 861.89
2 152.73 153.87 153.30 1.14 0 1 1228.38
3 152.73 156.13 154.43 3.40 1 0 664.18
4 153.87 152.73 153.30 -1.14 0 1 594.62
7 155.00 151.60 153.30 -3.40 1 0 701.94
9 155.00 156.13 155.57 1.13 1 0 525.23
11 156.13 152.73 154.43 -3.40 1 0 671.93
10 155.00 158.40 156.70 3.40 1 0 626.88
5 153.87 155.00 154.44 1.13 0 1 657.43
1 151.60 155.00 153.30 3.40 0 1 894.12
16 158.40 155.00 156.70 -3.40 0 1 666.14
8 155.00 153.87 154.44 -1.13 1 0 531.25
6 153.87 157.27 155.57 3.40 0 1 452.04
15 157.27 156.13 156.70 -1.14 1 0 504.63
12 156.13 155.00 155.57 -1.13 1 0 672.87
14 157.27 153.87 155.57 -3.40 1 0 509.16
11 156.13 152.73 154.43 -3.40 1 0 565.64
4 153.87 152.73 153.30 -1.14 1 0 470.63
7 155.00 151.60 153.30 -3.40 0 1 773.75
8 155.00 153.87 154.44 -1.13 1 0 582.52
16 158.40 155.00 156.70 -3.40 1 0 501.71
3 152.73 156.13 154.43 3.40 1 0 491.55
14 157.27 153.87 155.57 -3.40 1 0 534.26
10 155.00 158.40 156.70 3.40 1 0 1129.91
5 153.87 155.00 154.44 1.13 0 1 438.47
13 156.13 157.27 156.70 1.14 1 0 675.54
12 156.13 155.00 155.57 -1.13 1 0 713.54
6 153.87 157.27 155.57 3.40 1 0 705.97
15 157.27 156.13 156.70 -1.14 1 0 733.75
1 151.60 155.00 153.30 3.40 0 1 607.11
2 152.73 153.87 153.30 1.14 0 1 582.51
9 155.00 156.13 155.57 1.13 0 1 705.51
11 156.13 152.73 154.43 -3.40 1 0 575.54
7 155.00 151.60 153.30 -3.40 1 0 640.69
13 156.13 157.27 156.70 1.14 1 0 663.90
12 156.13 155.00 155.57 -1.13 1 0 740.65
16 158.40 155.00 156.70 -3.40 1 0 643.49
9 155.00 156.13 155.57 1.13 1 0 1418.05
6 153.87 157.27 155.57 3.40 1 0 512.09
3 152.73 156.13 154.43 3.40 0 1 588.67
10 155.00 158.40 156.70 3.40 1 0 510.25
2 152.73 153.87 153.30 1.14 0 1 770.51
5 153.87 155.00 154.44 1.13 1 0 803.94
8 155.00 153.87 154.44 -1.13 0 1 789.01
14 157.27 153.87 155.57 -3.40 1 0 490.86
15 157.27 156.13 156.70 -1.14 1 0 715.82
4 153.87 152.73 153.30 -1.14 0 1 661.93
1 151.60 155.00 153.30 3.40 1 0 650.26
10 155.00 158.40 156.70 3.40 1 0 890.18
7 155.00 151.60 153.30 -3.40 1 0 789.21
15 157.27 156.13 156.70 -1.14 1 0 739.59
1 151.60 155.00 153.30 3.40 0 1 756.87
8 155.00 153.87 154.44 -1.13 1 0 647.85
13 156.13 157.27 156.70 1.14 1 0 664.99
6 153.87 157.27 155.57 3.40 1 0 682.82
2 152.73 153.87 153.30 1.14 1 0 612.20
4 153.87 152.73 153.30 -1.14 1 0 621.26
12 156.13 155.00 155.57 -1.13 1 0 527.71
3 152.73 156.13 154.43 3.40 1 0 552.40
5 153.87 155.00 154.44 1.13 1 0 663.45
11 156.13 152.73 154.43 -3.40 1 0 524.31
9 155.00 156.13 155.57 1.13 1 0 599.65
14 157.27 153.87 155.57 -3.40 1 0 573.25
16 158.40 155.00 156.70 -3.40 1 0 584.49
4 153.87 152.73 153.30 -1.14 1 0 670.50
3 152.73 156.13 154.43 3.40 0 1 602.37
2 152.73 153.87 153.30 1.14 1 0 662.36
7 155.00 151.60 153.30 -3.40 0 1 422.43
8 155.00 153.87 154.44 -1.13 1 0 499.15
6 153.87 157.27 155.57 3.40 1 0 663.71
12 156.13 155.00 155.57 -1.13 1 0 534.17
10 155.00 158.40 156.70 3.40 1 0 487.72
13 156.13 157.27 156.70 1.14 1 0 432.12
15 157.27 156.13 156.70 -1.14 1 0 510.01
16 158.40 155.00 156.70 -3.40 1 0 522.05
11 156.13 152.73 154.43 -3.40 1 0 530.94
9 155.00 156.13 155.57 1.13 1 0 450.16
14 157.27 153.87 155.57 -3.40 1 0 421.61
5 153.87 155.00 154.44 1.13 1 0 399.24
1 151.60 155.00 153.30 3.40 1 0 573.88
6 153.87 157.27 155.57 3.40 1 0 380.78
7 155.00 151.60 153.30 -3.40 1 0 379.89
5 153.87 155.00 154.44 1.13 1 0 493.80
4 153.87 152.73 153.30 -1.14 1 0 323.41
13 156.13 157.27 156.70 1.14 1 0 633.42
14 157.27 153.87 155.57 -3.40 1 0 604.54
12 156.13 155.00 155.57 -1.13 1 0 426.19
15 157.27 156.13 156.70 -1.14 1 0 343.88
11 156.13 152.73 154.43 -3.40 1 0 398.99
8 155.00 153.87 154.44 -1.13 1 0 443.31
16 158.40 155.00 156.70 -3.40 1 0 383.13
9 155.00 156.13 155.57 1.13 1 0 418.79
10 155.00 158.40 156.70 3.40 1 0 665.19
3 152.73 156.13 154.43 3.40 1 0 414.77
2 152.73 153.87 153.30 1.14 0 1 685.44
1 151.60 155.00 153.30 3.40 1 0 442.76
14 157.27 153.87 155.57 -3.40 0 1 362.70
10 155.00 158.40 156.70 3.40 1 0 379.07
16 158.40 155.00 156.70 -3.40 1 0 447.86
9 155.00 156.13 155.57 1.13 1 0 388.15
8 155.00 153.87 154.44 -1.13 1 0 548.79
13 156.13 157.27 156.70 1.14 1 0 473.85
4 153.87 152.73 153.30 -1.14 1 0 1001.75
15 157.27 156.13 156.70 -1.14 1 0 609.36
12 156.13 155.00 155.57 -1.13 1 0 666.22
5 153.87 155.00 154.44 1.13 1 0 464.31
11 156.13 152.73 154.43 -3.40 1 0 494.05
2 152.73 153.87 153.30 1.14 0 1 631.63
1 151.60 155.00 153.30 3.40 0 1 673.57
3 152.73 156.13 154.43 3.40 1 0 1007.78
6 153.87 157.27 155.57 3.40 0 1 624.26
7 155.00 151.60 153.30 -3.40 0 1 792.38
4 153.87 152.73 153.30 -1.14 1 0 542.88
15 157.27 156.13 156.70 -1.14 1 0 572.93
2 152.73 153.87 153.30 1.14 0 1 711.61
3 152.73 156.13 154.43 3.40 0 1 541.22
10 155.00 158.40 156.70 3.40 0 1 673.90
12 156.13 155.00 155.57 -1.13 1 0 695.59
14 157.27 153.87 155.57 -3.40 1 0 827.67
16 158.40 155.00 156.70 -3.40 1 0 559.88
13 156.13 157.27 156.70 1.14 1 0 526.68
9 155.00 156.13 155.57 1.13 1 0 698.55
7 155.00 151.60 153.30 -3.40 1 0 670.27
1 151.60 155.00 153.30 3.40 1 0 593.86
6 153.87 157.27 155.57 3.40 0 1 678.73
5 153.87 155.00 154.44 1.13 1 0 897.47
8 155.00 153.87 154.44 -1.13 1 0 791.80
11 156.13 152.73 154.43 -3.40 1 0 601.89
1 151.60 155.00 153.30 3.40 1 0 560.87
14 157.27 153.87 155.57 -3.40 1 0 831.78
9 155.00 156.13 155.57 1.13 0 1 709.21
6 153.87 157.27 155.57 3.40 1 0 799.25
8 155.00 153.87 154.44 -1.13 1 0 1170.02
2 152.73 153.87 153.30 1.14 0 1 854.64
4 153.87 152.73 153.30 -1.14 1 0 820.63
11 156.13 152.73 154.43 -3.40 0 1 871.83
3 152.73 156.13 154.43 3.40 1 0 976.92
16 158.40 155.00 156.70 -3.40 0 1 489.14
12 156.13 155.00 155.57 -1.13 1 0 590.94
5 153.87 155.00 154.44 1.13 0 1 566.76
7 155.00 151.60 153.30 -3.40 0 1 1072.30
13 156.13 157.27 156.70 1.14 0 1 914.23
15 157.27 156.13 156.70 -1.14 1 0 667.58
10 155.00 158.40 156.70 3.40 0 1 855.60
5 153.87 155.00 154.44 1.13 1 0 682.84
3 152.73 156.13 154.43 3.40 0 1 601.38
4 153.87 152.73 153.30 -1.14 0 1 764.95
14 157.27 153.87 155.57 -3.40 1 0 751.16
2 152.73 153.87 153.30 1.14 1 0 856.18
8 155.00 153.87 154.44 -1.13 0 1 638.92
1 151.60 155.00 153.30 3.40 1 0 632.23
6 153.87 157.27 155.57 3.40 0 1 522.22
16 158.40 155.00 156.70 -3.40 1 0 545.36
9 155.00 156.13 155.57 1.13 0 1 739.21
12 156.13 155.00 155.57 -1.13 1 0 515.45
10 155.00 158.40 156.70 3.40 0 1 669.78
13 156.13 157.27 156.70 1.14 1 0 1092.61
15 157.27 156.13 156.70 -1.14 1 0 761.88
11 156.13 152.73 154.43 -3.40 1 0 573.63
7 155.00 151.60 153.30 -3.40 1 0 809.33
2 152.73 153.87 153.30 1.14 1 0 799.08
13 156.13 157.27 156.70 1.14 1 0 643.41
6 153.87 157.27 155.57 3.40 1 0 559.80
10 155.00 158.40 156.70 3.40 1 0 469.12
12 156.13 155.00 155.57 -1.13 1 0 763.44
3 152.73 156.13 154.43 3.40 1 0 502.65
9 155.00 156.13 155.57 1.13 1 0 639.94
8 155.00 153.87 154.44 -1.13 1 0 635.73
14 157.27 153.87 155.57 -3.40 1 0 608.92
15 157.27 156.13 156.70 -1.14 1 0 365.47
11 156.13 152.73 154.43 -3.40 1 0 431.28
5 153.87 155.00 154.44 1.13 1 0 415.89
16 158.40 155.00 156.70 -3.40 1 0 650.90
7 155.00 151.60 153.30 -3.40 1 0 478.15
4 153.87 152.73 153.30 -1.14 0 1 654.49
1 151.60 155.00 153.30 3.40 1 0 553.98
7 155.00 151.60 153.30 -3.40 1 0 539.45
11 156.13 152.73 154.43 -3.40 0 1 535.26
12 156.13 155.00 155.57 -1.13 1 0 643.15
9 155.00 156.13 155.57 1.13 0 1 571.26
3 152.73 156.13 154.43 3.40 0 1 786.47
10 155.00 158.40 156.70 3.40 1 0 765.60
2 152.73 153.87 153.30 1.14 0 1 513.51
4 153.87 152.73 153.30 -1.14 0 1 664.12
6 153.87 157.27 155.57 3.40 0 1 625.00
5 153.87 155.00 154.44 1.13 1 0 783.75
14 157.27 153.87 155.57 -3.40 0 1 788.65
15 157.27 156.13 156.70 -1.14 0 1 685.85
16 158.40 155.00 156.70 -3.40 1 0 693.57
13 156.13 157.27 156.70 1.14 1 0 563.85
8 155.00 153.87 154.44 -1.13 0 1 611.80
1 151.60 155.00 153.30 3.40 0 1 573.68
5 153.87 155.00 154.44 1.13 0 1 512.22
6 153.87 157.27 155.57 3.40 0 1 526.13
11 156.13 152.73 154.43 -3.40 0 1 545.01
15 157.27 156.13 156.70 -1.14 1 0 731.89
8 155.00 153.87 154.44 -1.13 0 1 540.32
12 156.13 155.00 155.57 -1.13 0 1 698.59
3 152.73 156.13 154.43 3.40 1 0 480.67
4 153.87 152.73 153.30 -1.14 0 1 513.56
2 152.73 153.87 153.30 1.14 0 1 583.92
13 156.13 157.27 156.70 1.14 0 1 385.98
14 157.27 153.87 155.57 -3.40 1 0 544.99
9 155.00 156.13 155.57 1.13 1 0 654.76
7 155.00 151.60 153.30 -3.40 1 0 808.08
1 151.60 155.00 153.30 3.40 0 1 574.16
10 155.00 158.40 156.70 3.40 1 0 1015.96
16 158.40 155.00 156.70 -3.40 1 0 717.01
