13 156.13 157.27 156.70 1.14 1 0 2424.09
15 157.27 156.13 156.70 -1.14 1 0 925.18
3 152.73 156.13 154.43 3.40 1 0 1104.05
10 155.00 158.40 156.70 3.40 1 0 700.49
2 152.73 153.87 153.30 1.14 0 1 927.28
5 153.87 155.00 154.44 1.13 0 1 677.43
9 155.00 156.13 155.57 1.13 1 0 637.87
16 158.40 155.00 156.70 -3.40 1 0 514.68
8 155.00 153.87 154.44 -1.13 1 0 920.65
7 155.00 151.60 153.30 -3.40 0 1 496.39
11 156.13 152.73 154.43 -3.40 0 1 678.32
14 157.27 153.87 155.57 -3.40 1 0 548.23
12 156.13 155.00 155.57 -1.13 1 0 1141.00
4 153.87 152.73 153.30 -1.14 1 0 1321.26
1 151.60 155.00 153.30 3.40 1 0 2973.89
6 153.87 157.27 155.57 3.40 1 0 515.02
15 157.27 156.13 156.70 -1.14 1 0 371.11
2 152.73 153.87 153.30 1.14 0 1 693.67
8 155.00 153.87 154.44 -1.13 1 0 517.77
7 155.00 151.60 153.30 -3.40 0 1 406.56
12 156.13 155.00 155.57 -1.13 0 1 816.37
13 156.13 157.27 156.70 1.14 1 0 965.02
4 153.87 152.73 153.30 -1.14 1 0 510.95
11 156.13 152.73 154.43 -3.40 0 1 489.31
5 153.87 155.00 154.44 1.13 0 1 420.69
3 152.73 156.13 154.43 3.40 0 1 603.12
6 153.87 157.27 155.57 3.40 0 1 1042.24
10 155.00 158.40 156.70 3.40 1 0 491.29
9 155.00 156.13 155.57 1.13 1 0 1097.24
14 157.27 153.87 155.57 -3.40 1 0 729.78
1 151.60 155.00 153.30 3.40 1 0 768.03
16 158.40 155.00 156.70 -3.40 1 0 895.53
2 152.73 153.87 153.30 1.14 0 1 736.59
8 155.00 153.87 154.44 -1.13 0 1 670.56
3 152.73 156.13 154.43 3.40 0 1 772.98
15 157.27 156.13 156.70 -1.14 1 0 1001.99
1 151.60 155.00 153.30 3.40 1 0 991.83
13 156.13 157.27 156.70 1.14 1 0 1225.97
14 157.27 153.87 155.57 -3.40 0 1 603.98
7 155.00 151.60 153.30 -3.40 0 1 1414.97
5 153.87 155.00 154.44 1.13 0 1 1826.57
4 153.87 152.73 153.30 -1.14 0 1 1279.55
10 155.00 158.40 156.70 3.40 1 0 1145.92
9 155.00 156.13 155.57 1.13 1 0 2167.02
6 153.87 157.27 155.57 3.40 0 1 2041.81
11 156.13 152.73 154.43 -3.40 0 1 739.11
12 156.13 155.00 155.57 -1.13 1 0 760.69
16 158.40 155.00 156.70 -3.40 1 0 953.50
8 155.00 153.87 154.44 -1.13 1 0 940.00
3 152.73 156.13 154.43 3.40 1 0 677.88
5 153.87 155.00 154.44 1.13 1 0 676.63
7 155.00 151.60 153.30 -3.40 0 1 660.37
10 155.00 158.40 156.70 3.40 1 0 572.75
12 156.13 155.00 155.57 -1.13 0 1 400.77
4 153.87 152.73 153.30 -1.14 1 0 841.81
6 153.87 157.27 155.57 3.40 0 1 443.45
9 155.00 156.13 155.57 1.13 1 0 565.96
2 152.73 153.87 153.30 1.14 0 1 1176.81
13 156.13 157.27 156.70 1.14 1 0 997.32
1 151.60 155.00 153.30 3.40 0 1 3515.10
15 157.27 156.13 156.70 -1.14 1 0 753.68
11 156.13 152.73 154.43 -3.40 0 1 2228.70
16 158.40 155.00 156.70 -3.40 1 0 1724.42
14 157.27 153.87 155.57 -3.40 1 0 699.02
15 157.27 156.13 156.70 -1.14 1 0 667.49
13 156.13 157.27 156.70 1.14 1 0 615.64
2 152.73 153.87 153.30 1.14 0 1 836.69
5 153.87 155.00 154.44 1.13 0 1 1341.87
6 153.87 157.27 155.57 3.40 1 0 1202.51
11 156.13 152.73 154.43 -3.40 1 0 1023.77
3 152.73 156.13 154.43 3.40 1 0 1382.32
12 156.13 155.00 155.57 -1.13 1 0 840.12
8 155.00 153.87 154.44 -1.13 1 0 495.02
14 157.27 153.87 155.57 -3.40 1 0 707.14
4 153.87 152.73 153.30 -1.14 1 0 1207.81
1 151.60 155.00 153.30 3.40 0 1 573.75
9 155.00 156.13 155.57 1.13 1 0 584.04
10 155.00 158.40 156.70 3.40 1 0 879.87
16 158.40 155.00 156.70 -3.40 1 0 845.31
7 155.00 151.60 153.30 -3.40 1 0 664.51
13 156.13 157.27 156.70 1.14 1 0 519.13
2 152.73 153.87 153.30 1.14 1 0 1230.49
3 152.73 156.13 154.43 3.40 0 1 406.57
4 153.87 152.73 153.30 -1.14 1 0 941.18
7 155.00 151.60 153.30 -3.40 1 0 983.73
9 155.00 156.13 155.57 1.13 1 0 544.93
11 156.13 152.73 154.43 -3.40 0 1 549.35
10 155.00 158.40 156.70 3.40 1 0 886.28
5 153.87 155.00 154.44 1.13 1 0 925.51
1 151.60 155.00 153.30 3.40 0 1 696.48
16 158.40 155.00 156.70 -3.40 1 0 1499.64
8 155.00 153.87 154.44 -1.13 1 0 923.41
6 153.87 157.27 155.57 3.40 1 0 554.35
15 157.27 156.13 156.70 -1.14 1 0 624.69
12 156.13 155.00 155.57 -1.13 1 0 709.23
14 157.27 153.87 155.57 -3.40 1 0 652.76
11 156.13 152.73 154.43 -3.40 1 0 643.15
4 153.87 152.73 153.30 -1.14 1 0 714.03
7 155.00 151.60 153.30 -3.40 0 1 1168.84
8 155.00 153.87 154.44 -1.13 0 1 801.79
16 158.40 155.00 156.70 -3.40 1 0 365.48
3 152.73 156.13 154.43 3.40 0 1 793.00
14 157.27 153.87 155.57 -3.40 1 0 321.81
10 155.00 158.40 156.70 3.40 1 0 752.49
5 153.87 155.00 154.44 1.13 0 1 472.89
13 156.13 157.27 156.70 1.14 1 0 423.31
12 156.13 155.00 155.57 -1.13 0 1 645.92
6 153.87 157.27 155.57 3.40 1 0 941.31
15 157.27 156.13 156.70 -1.14 1 0 1545.79
1 151.60 155.00 153.30 3.40 0 1 1257.84
2 152.73 153.87 153.30 1.14 0 1 869.64
9 155.00 156.13 155.57 1.13 1 0 767.00
11 156.13 152.73 154.43 -3.40 1 0 1189.18
7 155.00 151.60 153.30 -3.40 1 0 345.61
13 156.13 157.27 156.70 1.14 1 0 596.69
12 156.13 155.00 155.57 -1.13 1 0 635.73
16 158.40 155.00 156.70 -3.40 1 0 663.71
9 155.00 156.13 155.57 1.13 1 0 835.02
6 153.87 157.27 155.57 3.40 1 0 1490.31
3 152.73 156.13 154.43 3.40 0 1 1270.54
10 155.00 158.40 156.70 3.40 1 0 840.16
2 152.73 153.87 153.30 1.14 0 1 1522.92
5 153.87 155.00 154.44 1.13 1 0 1063.00
8 155.00 153.87 154.44 -1.13 1 0 3158.90
14 157.27 153.87 155.57 -3.40 1 0 2714.21
15 157.27 156.13 156.70 -1.14 1 0 1298.47
4 153.87 152.73 153.30 -1.14 1 0 698.56
1 151.60 155.00 153.30 3.40 0 1 1389.16
10 155.00 158.40 156.70 3.40 1 0 778.30
7 155.00 151.60 153.30 -3.40 0 1 493.62
15 157.27 156.13 156.70 -1.14 1 0 504.20
1 151.60 155.00 153.30 3.40 1 0 1002.73
8 155.00 153.87 154.44 -1.13 0 1 1929.96
13 156.13 157.27 156.70 1.14 1 0 924.78
6 153.87 157.27 155.57 3.40 1 0 901.49
2 152.73 153.87 153.30 1.14 1 0 699.45
4 153.87 152.73 153.30 -1.14 1 0 694.84
12 156.13 155.00 155.57 -1.13 1 0 768.45
3 152.73 156.13 154.43 3.40 1 0 1355.38
5 153.87 155.00 154.44 1.13 0 1 1116.81
11 156.13 152.73 154.43 -3.40 1 0 880.24
9 155.00 156.13 155.57 1.13 1 0 1019.26
14 157.27 153.87 155.57 -3.40 1 0 1267.86
16 158.40 155.00 156.70 -3.40 1 0 794.03
4 153.87 152.73 153.30 -1.14 1 0 1293.63
3 152.73 156.13 154.43 3.40 0 1 968.46
2 152.73 153.87 153.30 1.14 0 1 426.07
7 155.00 151.60 153.30 -3.40 0 1 926.05
8 155.00 153.87 154.44 -1.13 0 1 883.03
6 153.87 157.27 155.57 3.40 0 1 799.73
12 156.13 155.00 155.57 -1.13 0 1 481.78
10 155.00 158.40 156.70 3.40 1 0 648.98
13 156.13 157.27 156.70 1.14 1 0 728.99
15 157.27 156.13 156.70 -1.14 1 0 821.24
16 158.40 155.00 156.70 -3.40 1 0 797.52
11 156.13 152.73 154.43 -3.40 1 0 549.54
9 155.00 156.13 155.57 1.13 1 0 534.58
14 157.27 153.87 155.57 -3.40 1 0 793.96
5 153.87 155.00 154.44 1.13 1 0 694.04
1 151.60 155.00 153.30 3.40 0 1 1056.79
6 153.87 157.27 155.57 3.40 1 0 3359.69
7 155.00 151.60 153.30 -3.40 0 1 1283.12
5 153.87 155.00 154.44 1.13 0 1 674.16
4 153.87 152.73 153.30 -1.14 0 1 534.72
13 156.13 157.27 156.70 1.14 1 0 607.13
14 157.27 153.87 155.57 -3.40 1 0 770.39
12 156.13 155.00 155.57 -1.13 1 0 845.76
15 157.27 156.13 156.70 -1.14 1 0 739.43
11 156.13 152.73 154.43 -3.40 1 0 1640.82
8 155.00 153.87 154.44 -1.13 1 0 680.12
16 158.40 155.00 156.70 -3.40 1 0 700.83
9 155.00 156.13 155.57 1.13 1 0 693.33
10 155.00 158.40 156.70 3.40 1 0 600.85
3 152.73 156.13 154.43 3.40 1 0 666.71
2 152.73 153.87 153.30 1.14 0 1 2549.65
1 151.60 155.00 153.30 3.40 0 1 1281.36
14 157.27 153.87 155.57 -3.40 1 0 1211.57
10 155.00 158.40 156.70 3.40 1 0 788.66
16 158.40 155.00 156.70 -3.40 1 0 608.25
9 155.00 156.13 155.57 1.13 1 0 739.81
8 155.00 153.87 154.44 -1.13 1 0 670.60
13 156.13 157.27 156.70 1.14 1 0 645.62
4 153.87 152.73 153.30 -1.14 0 1 1305.51
15 157.27 156.13 156.70 -1.14 1 0 902.06
12 156.13 155.00 155.57 -1.13 1 0 921.44
5 153.87 155.00 154.44 1.13 1 0 642.27
11 156.13 152.73 154.43 -3.40 1 0 671.54
2 152.73 153.87 153.30 1.14 1 0 545.65
1 151.60 155.00 153.30 3.40 0 1 714.67
3 152.73 156.13 154.43 3.40 0 1 638.55
6 153.87 157.27 155.57 3.40 0 1 908.38
7 155.00 151.60 153.30 -3.40 1 0 924.72
4 153.87 152.73 153.30 -1.14 0 1 1133.08
15 157.27 156.13 156.70 -1.14 0 1 662.11
2 152.73 153.87 153.30 1.14 0 1 752.11
3 152.73 156.13 154.43 3.40 1 0 839.58
10 155.00 158.40 156.70 3.40 1 0 1087.62
12 156.13 155.00 155.57 -1.13 1 0 789.60
14 157.27 153.87 155.57 -3.40 1 0 691.90
16 158.40 155.00 156.70 -3.40 1 0 705.74
13 156.13 157.27 156.70 1.14 1 0 800.87
9 155.00 156.13 155.57 1.13 1 0 721.72
7 155.00 151.60 153.30 -3.40 1 0 1230.27
1 151.60 155.00 153.30 3.40 0 1 1207.80
6 153.87 157.27 155.57 3.40 0 1 935.64
5 153.87 155.00 154.44 1.13 0 1 749.12
8 155.00 153.87 154.44 -1.13 0 1 886.13
11 156.13 152.73 154.43 -3.40 1 0 1757.22
1 151.60 155.00 153.30 3.40 0 1 1247.62
14 157.27 153.87 155.57 -3.40 1 0 959.40
9 155.00 156.13 155.57 1.13 1 0 771.28
6 153.87 157.27 155.57 3.40 0 1 862.32
8 155.00 153.87 154.44 -1.13 1 0 858.11
2 152.73 153.87 153.30 1.14 1 0 1111.50
4 153.87 152.73 153.30 -1.14 0 1 948.34
11 156.13 152.73 154.43 -3.40 1 0 1508.67
3 152.73 156.13 154.43 3.40 0 1 1155.95
16 158.40 155.00 156.70 -3.40 1 0 638.73
12 156.13 155.00 155.57 -1.13 0 1 813.42
5 153.87 155.00 154.44 1.13 1 0 762.13
7 155.00 151.60 153.30 -3.40 0 1 1648.29
13 156.13 157.27 156.70 1.14 1 0 985.21
15 157.27 156.13 156.70 -1.14 1 0 1022.50
10 155.00 158.40 156.70 3.40 1 0 780.20
5 153.87 155.00 154.44 1.13 1 0 1467.30
3 152.73 156.13 154.43 3.40 0 1 1015.67
4 153.87 152.73 153.30 -1.14 0 1 1230.39
14 157.27 153.87 155.57 -3.40 1 0 1120.94
2 152.73 153.87 153.30 1.14 0 1 3467.06
8 155.00 153.87 154.44 -1.13 0 1 1127.39
1 151.60 155.00 153.30 3.40 0 1 806.02
6 153.87 157.27 155.57 3.40 0 1 837.98
16 158.40 155.00 156.70 -3.40 1 0 662.02
9 155.00 156.13 155.57 1.13 1 0 831.81
12 156.13 155.00 155.57 -1.13 0 1 1247.25
10 155.00 158.40 156.70 3.40 1 0 981.82
13 156.13 157.27 156.70 1.14 1 0 933.67
15 157.27 156.13 156.70 -1.14 1 0 796.81
11 156.13 152.73 154.43 -3.40 1 0 790.37
7 155.00 151.60 153.30 -3.40 0 1 870.35
2 152.73 153.87 153.30 1.14 0 1 999.02
13 156.13 157.27 156.70 1.14 1 0 607.93
6 153.87 157.27 155.57 3.40 1 0 1015.92
10 155.00 158.40 156.70 3.40 1 0 1188.95
12 156.13 155.00 155.57 -1.13 1 0 696.94
3 152.73 156.13 154.43 3.40 0 1 1044.19
9 155.00 156.13 155.57 1.13 1 0 1142.12
8 155.00 153.87 154.44 -1.13 0 1 1877.99
14 157.27 153.87 155.57 -3.40 1 0 1225.74
15 157.27 156.13 156.70 -1.14 1 0 1286.14
11 156.13 152.73 154.43 -3.40 1 0 807.11
5 153.87 155.00 154.44 1.13 1 0 959.91
16 158.40 155.00 156.70 -3.40 1 0 695.39
7 155.00 151.60 153.30 -3.40 0 1 1618.61
4 153.87 152.73 153.30 -1.14 0 1 935.08
1 151.60 155.00 153.30 3.40 0 1 1048.36
7 155.00 151.60 153.30 -3.40 0 1 621.78
11 156.13 152.73 154.43 -3.40 0 1 697.45
12 156.13 155.00 155.57 -1.13 0 1 534.38
9 155.00 156.13 155.57 1.13 1 0 1247.09
3 152.73 156.13 154.43 3.40 0 1 1359.23
10 155.00 158.40 156.70 3.40 0 1 787.94
2 152.73 153.87 153.30 1.14 0 1 674.87
4 153.87 152.73 153.30 -1.14 0 1 516.37
6 153.87 157.27 155.57 3.40 0 1 870.29
5 153.87 155.00 154.44 1.13 0 1 605.71
14 157.27 153.87 155.57 -3.40 0 1 712.17
15 157.27 156.13 156.70 -1.14 1 0 796.59
16 158.40 155.00 156.70 -3.40 1 0 532.04
13 156.13 157.27 156.70 1.14 1 0 794.88
8 155.00 153.87 154.44 -1.13 1 0 779.32
1 151.60 155.00 153.30 3.40 0 1 898.40
5 153.87 155.00 154.44 1.13 0 1 1887.24
6 153.87 157.27 155.57 3.40 0 1 688.30
11 156.13 152.73 154.43 -3.40 0 1 533.18
15 157.27 156.13 156.70 -1.14 1 0 819.40
8 155.00 153.87 154.44 -1.13 0 1 1029.97
12 156.13 155.00 155.57 -1.13 0 1 827.35
3 152.73 156.13 154.43 3.40 0 1 781.50
4 153.87 152.73 153.30 -1.14 0 1 776.26
2 152.73 153.87 153.30 1.14 0 1 599.84
13 156.13 157.27 156.70 1.14 0 1 661.36
14 157.27 153.87 155.57 -3.40 1 0 1040.74
9 155.00 156.13 155.57 1.13 1 0 1053.52
7 155.00 151.60 153.30 -3.40 0 1 1678.85
1 151.60 155.00 153.30 3.40 0 1 902.22
10 155.00 158.40 156.70 3.40 0 1 808.21
16 158.40 155.00 156.70 -3.40 1 0 886.52
