11 156.13 152.73 154.43 -3.40 0 1 9048.48
7 155.00 151.60 153.30 -3.40 1 0 19305.63
8 155.00 153.87 154.44 -1.13 0 1 35190.24
15 157.27 156.13 156.70 -1.14 1 0 9171.33
1 151.60 155.00 153.30 3.40 0 1 10763.69
3 152.73 156.13 154.43 3.40 1 0 464.11
9 155.00 156.13 155.57 1.13 1 0 925.56
2 152.73 153.87 153.30 1.14 0 1 389.32
14 157.27 153.87 155.57 -3.40 1 0 1875.29
5 153.87 155.00 154.44 1.13 0 1 2972.63
16 158.40 155.00 156.70 -3.40 1 0 6306.21
10 155.00 158.40 156.70 3.40 0 1 5093.77
13 156.13 157.27 156.70 1.14 1 0 5648.67
4 153.87 152.73 153.30 -1.14 1 0 6555.46
12 156.13 155.00 155.57 -1.13 0 1 1900.51
6 153.87 157.27 155.57 3.40 1 0 1842.42
7 155.00 151.60 153.30 -3.40 0 1 17631.83
9 155.00 156.13 155.57 1.13 1 0 2829.01
14 157.27 153.87 155.57 -3.40 0 1 778.12
13 156.13 157.27 156.70 1.14 1 0 565.21
2 152.73 153.87 153.30 1.14 0 1 1448.88
5 153.87 155.00 154.44 1.13 0 1 1498.27
10 155.00 158.40 156.70 3.40 1 0 1522.51
8 155.00 153.87 154.44 -1.13 1 0 1062.22
15 157.27 156.13 156.70 -1.14 0 1 1700.55
12 156.13 155.00 155.57 -1.13 1 0 5733.89
6 153.87 157.27 155.57 3.40 0 1 1754.92
1 151.60 155.00 153.30 3.40 1 0 3390.15
4 153.87 152.73 153.30 -1.14 1 0 1703.01
3 152.73 156.13 154.43 3.40 1 0 2263.39
11 156.13 152.73 154.43 -3.40 0 1 1336.51
16 158.40 155.00 156.70 -3.40 0 1 1183.97
4 153.87 152.73 153.30 -1.14 0 1 1994.20
12 156.13 155.00 155.57 -1.13 1 0 853.79
10 155.00 158.40 156.70 3.40 1 0 1762.43
7 155.00 151.60 153.30 -3.40 0 1 4828.14
9 155.00 156.13 155.57 1.13 0 1 3301.26
8 155.00 153.87 154.44 -1.13 0 1 3540.00
11 156.13 152.73 154.43 -3.40 0 1 3245.25
6 153.87 157.27 155.57 3.40 1 0 3881.37
2 152.73 153.87 153.30 1.14 1 0 1892.08
13 156.13 157.27 156.70 1.14 0 1 2851.98
3 152.73 156.13 154.43 3.40 0 1 2445.68
15 157.27 156.13 156.70 -1.14 0 1 3236.17
14 157.27 153.87 155.57 -3.40 1 0 2706.26
16 158.40 155.00 156.70 -3.40 0 1 1978.38
1 151.60 155.00 153.30 3.40 0 1 2982.59
5 153.87 155.00 154.44 1.13 0 1 2361.50
14 157.27 153.87 155.57 -3.40 0 1 5555.98
13 156.13 157.27 156.70 1.14 1 0 1307.82
10 155.00 158.40 156.70 3.40 1 0 2287.07
1 151.60 155.00 153.30 3.40 0 1 4057.10
7 155.00 151.60 153.30 -3.40 0 1 4124.88
15 157.27 156.13 156.70 -1.14 0 1 2009.30
11 156.13 152.73 154.43 -3.40 0 1 1164.58
5 153.87 155.00 154.44 1.13 0 1 1379.67
16 158.40 155.00 156.70 -3.40 0 1 1823.94
6 153.87 157.27 155.57 3.40 0 1 1845.49
2 152.73 153.87 153.30 1.14 0 1 1377.12
9 155.00 156.13 155.57 1.13 0 1 982.22
12 156.13 155.00 155.57 -1.13 0 1 801.67
3 152.73 156.13 154.43 3.40 0 1 1668.29
8 155.00 153.87 154.44 -1.13 1 0 2322.92
4 153.87 152.73 153.30 -1.14 1 0 669.22
9 155.00 156.13 155.57 1.13 0 1 1556.83
10 155.00 158.40 156.70 3.40 1 0 2849.03
15 157.27 156.13 156.70 -1.14 1 0 1016.70
11 156.13 152.73 154.43 -3.40 1 0 3665.32
7 155.00 151.60 153.30 -3.40 1 0 410.18
12 156.13 155.00 155.57 -1.13 1 0 583.47
13 156.13 157.27 156.70 1.14 1 0 767.62
2 152.73 153.87 153.30 1.14 1 0 315.81
3 152.73 156.13 154.43 3.40 1 0 468.19
5 153.87 155.00 154.44 1.13 1 0 498.64
14 157.27 153.87 155.57 -3.40 1 0 605.02
16 158.40 155.00 156.70 -3.40 1 0 798.52
8 155.00 153.87 154.44 -1.13 0 1 1952.33
4 153.87 152.73 153.30 -1.14 0 1 1425.39
6 153.87 157.27 155.57 3.40 0 1 716.19
1 151.60 155.00 153.30 3.40 0 1 587.78
2 152.73 153.87 153.30 1.14 0 1 1277.95
3 152.73 156.13 154.43 3.40 0 1 4270.18
14 157.27 153.87 155.57 -3.40 0 1 394.55
8 155.00 153.87 154.44 -1.13 0 1 570.93
9 155.00 156.13 155.57 1.13 0 1 931.11
5 153.87 155.00 154.44 1.13 0 1 323.58
10 155.00 158.40 156.70 3.40 1 0 384.83
7 155.00 151.60 153.30 -3.40 1 0 785.81
11 156.13 152.73 154.43 -3.40 1 0 572.85
15 157.27 156.13 156.70 -1.14 0 1 4892.02
4 153.87 152.73 153.30 -1.14 1 0 2394.06
1 151.60 155.00 153.30 3.40 0 1 592.41
12 156.13 155.00 155.57 -1.13 0 1 2960.58
16 158.40 155.00 156.70 -3.40 0 1 631.45
6 153.87 157.27 155.57 3.40 0 1 1924.15
13 156.13 157.27 156.70 1.14 0 1 1574.94
6 153.87 157.27 155.57 3.40 0 1 2535.46
7 155.00 151.60 153.30 -3.40 0 1 649.03
14 157.27 153.87 155.57 -3.40 0 1 787.30
12 156.13 155.00 155.57 -1.13 0 1 598.71
5 153.87 155.00 154.44 1.13 1 0 658.64
1 151.60 155.00 153.30 3.40 0 1 344.35
8 155.00 153.87 154.44 -1.13 1 0 519.85
15 157.27 156.13 156.70 -1.14 0 1 744.19
9 155.00 156.13 155.57 1.13 0 1 909.18
16 158.40 155.00 156.70 -3.40 1 0 1408.91
4 153.87 152.73 153.30 -1.14 1 0 825.01
11 156.13 152.73 154.43 -3.40 1 0 1159.62
10 155.00 158.40 156.70 3.40 1 0 2642.17
2 152.73 153.87 153.30 1.14 1 0 1335.52
3 152.73 156.13 154.43 3.40 1 0 827.49
13 156.13 157.27 156.70 1.14 1 0 551.10
13 156.13 157.27 156.70 1.14 1 0 682.20
6 153.87 157.27 155.57 3.40 0 1 2031.50
2 152.73 153.87 153.30 1.14 1 0 2000.10
12 156.13 155.00 155.57 -1.13 0 1 1992.11
16 158.40 155.00 156.70 -3.40 0 1 2526.88
3 152.73 156.13 154.43 3.40 0 1 1199.67
15 157.27 156.13 156.70 -1.14 1 0 2040.84
8 155.00 153.87 154.44 -1.13 1 0 1869.25
14 157.27 153.87 155.57 -3.40 0 1 2397.87
4 153.87 152.73 153.30 -1.14 0 1 4156.88
5 153.87 155.00 154.44 1.13 1 0 1868.81
10 155.00 158.40 156.70 3.40 0 1 2288.12
9 155.00 156.13 155.57 1.13 1 0 3084.61
1 151.60 155.00 153.30 3.40 0 1 1742.06
11 156.13 152.73 154.43 -3.40 1 0 2789.13
7 155.00 151.60 153.30 -3.40 1 0 883.65
7 155.00 151.60 153.30 -3.40 1 0 426.77
13 156.13 157.27 156.70 1.14 1 0 3094.88
8 155.00 153.87 154.44 -1.13 1 0 2585.28
15 157.27 156.13 156.70 -1.14 0 1 2166.46
12 156.13 155.00 155.57 -1.13 0 1 938.36
9 155.00 156.13 155.57 1.13 1 0 699.60
14 157.27 153.87 155.57 -3.40 1 0 1434.72
16 158.40 155.00 156.70 -3.40 0 1 2730.05
4 153.87 152.73 153.30 -1.14 0 1 1038.43
6 153.87 157.27 155.57 3.40 0 1 806.98
3 152.73 156.13 154.43 3.40 0 1 702.80
10 155.00 158.40 156.70 3.40 0 1 680.66
11 156.13 152.73 154.43 -3.40 0 1 706.67
5 153.87 155.00 154.44 1.13 0 1 1584.62
1 151.60 155.00 153.30 3.40 0 1 1222.94
2 152.73 153.87 153.30 1.14 0 1 625.43
6 153.87 157.27 155.57 3.40 0 1 1979.90
5 153.87 155.00 154.44 1.13 0 1 993.04
4 153.87 152.73 153.30 -1.14 0 1 762.78
13 156.13 157.27 156.70 1.14 0 1 2705.26
7 155.00 151.60 153.30 -3.40 1 0 2237.19
2 152.73 153.87 153.30 1.14 1 0 1262.39
3 152.73 156.13 154.43 3.40 1 0 1292.50
15 157.27 156.13 156.70 -1.14 0 1 1373.93
11 156.13 152.73 154.43 -3.40 0 1 1230.04
9 155.00 156.13 155.57 1.13 1 0 1450.26
12 156.13 155.00 155.57 -1.13 1 0 2101.80
14 157.27 153.87 155.57 -3.40 0 1 780.54
8 155.00 153.87 154.44 -1.13 0 1 2267.52
16 158.40 155.00 156.70 -3.40 1 0 293.95
10 155.00 158.40 156.70 3.40 0 1 324.58
1 151.60 155.00 153.30 3.40 0 1 642.69
7 155.00 151.60 153.30 -3.40 1 0 560.23
15 157.27 156.13 156.70 -1.14 1 0 491.93
6 153.87 157.27 155.57 3.40 0 1 3899.62
10 155.00 158.40 156.70 3.40 1 0 1327.71
5 153.87 155.00 154.44 1.13 0 1 1521.05
3 152.73 156.13 154.43 3.40 0 1 1024.78
13 156.13 157.27 156.70 1.14 1 0 964.33
16 158.40 155.00 156.70 -3.40 0 1 1125.97
14 157.27 153.87 155.57 -3.40 0 1 2034.54
2 152.73 153.87 153.30 1.14 0 1 1104.17
9 155.00 156.13 155.57 1.13 0 1 2977.63
12 156.13 155.00 155.57 -1.13 0 1 2057.52
4 153.87 152.73 153.30 -1.14 0 1 656.68
8 155.00 153.87 154.44 -1.13 0 1 513.61
11 156.13 152.73 154.43 -3.40 0 1 601.84
1 151.60 155.00 153.30 3.40 0 1 529.92
13 156.13 157.27 156.70 1.14 0 1 830.16
10 155.00 158.40 156.70 3.40 1 0 882.20
8 155.00 153.87 154.44 -1.13 1 0 672.56
5 153.87 155.00 154.44 1.13 1 0 560.17
4 153.87 152.73 153.30 -1.14 1 0 2345.66
2 152.73 153.87 153.30 1.14 0 1 4888.29
12 156.13 155.00 155.57 -1.13 0 1 520.85
14 157.27 153.87 155.57 -3.40 0 1 653.14
16 158.40 155.00 156.70 -3.40 1 0 0.18
11 156.13 152.73 154.43 -3.40 0 1 690.26
6 153.87 157.27 155.57 3.40 1 0 1132.01
9 155.00 156.13 155.57 1.13 1 0 803.11
15 157.27 156.13 156.70 -1.14 1 0 1397.59
7 155.00 151.60 153.30 -3.40 0 1 1926.16
3 152.73 156.13 154.43 3.40 1 0 818.58
1 151.60 155.00 153.30 3.40 1 0 2057.32
14 157.27 153.87 155.57 -3.40 0 1 833.51
7 155.00 151.60 153.30 -3.40 0 1 2743.99
6 153.87 157.27 155.57 3.40 0 1 1566.97
15 157.27 156.13 156.70 -1.14 0 1 492.23
8 155.00 153.87 154.44 -1.13 0 1 892.34
5 153.87 155.00 154.44 1.13 0 1 345.44
2 152.73 153.87 153.30 1.14 0 1 1657.11
10 155.00 158.40 156.70 3.40 0 1 1036.02
3 152.73 156.13 154.43 3.40 0 1 770.23
12 156.13 155.00 155.57 -1.13 0 1 1257.52
4 153.87 152.73 153.30 -1.14 0 1 953.38
13 156.13 157.27 156.70 1.14 0 1 976.64
11 156.13 152.73 154.43 -3.40 0 1 1487.01
9 155.00 156.13 155.57 1.13 1 0 1869.99
16 158.40 155.00 156.70 -3.40 1 0 329.95
1 151.60 155.00 153.30 3.40 1 0 710.15
6 153.87 157.27 155.57 3.40 1 0 727.12
9 155.00 156.13 155.57 1.13 1 0 423.34
10 155.00 158.40 156.70 3.40 1 0 1815.13
3 152.73 156.13 154.43 3.40 1 0 273.20
15 157.27 156.13 156.70 -1.14 1 0 549.86
11 156.13 152.73 154.43 -3.40 1 0 654.93
12 156.13 155.00 155.57 -1.13 1 0 404.32
14 157.27 153.87 155.57 -3.40 1 0 1687.04
7 155.00 151.60 153.30 -3.40 0 1 3967.29
13 156.13 157.27 156.70 1.14 1 0 1183.08
4 153.87 152.73 153.30 -1.14 0 1 549.17
16 158.40 155.00 156.70 -3.40 1 0 771.02
2 152.73 153.87 153.30 1.14 0 1 830.93
5 153.87 155.00 154.44 1.13 0 1 566.12
1 151.60 155.00 153.30 3.40 0 1 952.47
8 155.00 153.87 154.44 -1.13 0 1 617.97
5 153.87 155.00 154.44 1.13 0 1 1206.28
14 157.27 153.87 155.57 -3.40 0 1 452.05
9 155.00 156.13 155.57 1.13 1 0 2485.65
15 157.27 156.13 156.70 -1.14 1 0 803.67
16 158.40 155.00 156.70 -3.40 1 0 601.92
10 155.00 158.40 156.70 3.40 1 0 1447.20
3 152.73 156.13 154.43 3.40 1 0 439.16
7 155.00 151.60 153.30 -3.40 1 0 369.20
2 152.73 153.87 153.30 1.14 1 0 2689.68
11 156.13 152.73 154.43 -3.40 1 0 639.94
12 156.13 155.00 155.57 -1.13 1 0 684.53
4 153.87 152.73 153.30 -1.14 1 0 1259.89
6 153.87 157.27 155.57 3.40 1 0 1244.54
8 155.00 153.87 154.44 -1.13 1 0 904.05
13 156.13 157.27 156.70 1.14 1 0 953.02
1 151.60 155.00 153.30 3.40 1 0 1294.60
13 156.13 157.27 156.70 1.14 1 0 767.56
4 153.87 152.73 153.30 -1.14 0 1 3379.18
3 152.73 156.13 154.43 3.40 0 1 1273.17
11 156.13 152.73 154.43 -3.40 0 1 454.67
5 153.87 155.00 154.44 1.13 0 1 385.61
9 155.00 156.13 155.57 1.13 0 1 716.05
15 157.27 156.13 156.70 -1.14 0 1 2585.39
2 152.73 153.87 153.30 1.14 0 1 1150.52
8 155.00 153.87 154.44 -1.13 0 1 960.88
10 155.00 158.40 156.70 3.40 0 1 625.52
6 153.87 157.27 155.57 3.40 0 1 795.84
1 151.60 155.00 153.30 3.40 0 1 573.85
12 156.13 155.00 155.57 -1.13 0 1 864.83
14 157.27 153.87 155.57 -3.40 0 1 511.18
16 158.40 155.00 156.70 -3.40 0 1 687.48
7 155.00 151.60 153.30 -3.40 0 1 662.26
7 155.00 151.60 153.30 -3.40 0 1 676.57
5 153.87 155.00 154.44 1.13 0 1 666.43
14 157.27 153.87 155.57 -3.40 0 1 579.60
12 156.13 155.00 155.57 -1.13 0 1 755.86
8 155.00 153.87 154.44 -1.13 0 1 685.18
15 157.27 156.13 156.70 -1.14 0 1 3513.93
4 153.87 152.73 153.30 -1.14 0 1 6570.56
11 156.13 152.73 154.43 -3.40 0 1 999.89
13 156.13 157.27 156.70 1.14 0 1 1540.07
3 152.73 156.13 154.43 3.40 0 1 400.75
2 152.73 153.87 153.30 1.14 0 1 977.24
6 153.87 157.27 155.57 3.40 0 1 756.95
1 151.60 155.00 153.30 3.40 0 1 392.92
9 155.00 156.13 155.57 1.13 0 1 650.80
16 158.40 155.00 156.70 -3.40 1 0 2095.69
10 155.00 158.40 156.70 3.40 0 1 346.21
15 157.27 156.13 156.70 -1.14 1 0 378.17
8 155.00 153.87 154.44 -1.13 0 1 369.23
13 156.13 157.27 156.70 1.14 1 0 1360.58
12 156.13 155.00 155.57 -1.13 0 1 596.65
2 152.73 153.87 153.30 1.14 1 0 590.41
11 156.13 152.73 154.43 -3.40 0 1 613.29
1 151.60 155.00 153.30 3.40 1 0 476.26
9 155.00 156.13 155.57 1.13 0 1 370.09
3 152.73 156.13 154.43 3.40 1 0 1262.54
4 153.87 152.73 153.30 -1.14 0 1 617.95
14 157.27 153.87 155.57 -3.40 1 0 895.24
7 155.00 151.60 153.30 -3.40 1 0 710.90
16 158.40 155.00 156.70 -3.40 1 0 464.79
6 153.87 157.27 155.57 3.40 1 0 622.22
10 155.00 158.40 156.70 3.40 1 0 883.98
5 153.87 155.00 154.44 1.13 1 0 812.24
