13 156.13 157.27 156.70 1.14 0 1 3360.36
15 157.27 156.13 156.70 -1.14 1 0 1348.39
3 152.73 156.13 154.43 3.40 0 1 2389.57
10 155.00 158.40 156.70 3.40 0 1 2041.46
2 152.73 153.87 153.30 1.14 1 0 2565.18
5 153.87 155.00 154.44 1.13 1 0 942.10
9 155.00 156.13 155.57 1.13 0 1 947.77
16 158.40 155.00 156.70 -3.40 0 1 993.47
8 155.00 153.87 154.44 -1.13 1 0 1070.31
7 155.00 151.60 153.30 -3.40 1 0 686.57
11 156.13 152.73 154.43 -3.40 1 0 617.21
14 157.27 153.87 155.57 -3.40 0 1 446.79
12 156.13 155.00 155.57 -1.13 1 0 1360.57
4 153.87 152.73 153.30 -1.14 0 1 1650.40
1 151.60 155.00 153.30 3.40 0 1 597.12
6 153.87 157.27 155.57 3.40 0 1 597.78
15 157.27 156.13 156.70 -1.14 0 1 697.04
2 152.73 153.87 153.30 1.14 1 0 1585.77
8 155.00 153.87 154.44 -1.13 0 1 929.85
7 155.00 151.60 153.30 -3.40 0 1 1292.51
12 156.13 155.00 155.57 -1.13 1 0 1144.67
13 156.13 157.27 156.70 1.14 1 0 1044.37
4 153.87 152.73 153.30 -1.14 0 1 903.17
11 156.13 152.73 154.43 -3.40 0 1 899.76
5 153.87 155.00 154.44 1.13 1 0 1363.22
3 152.73 156.13 154.43 3.40 0 1 970.73
6 153.87 157.27 155.57 3.40 0 1 3327.81
10 155.00 158.40 156.70 3.40 1 0 2123.08
9 155.00 156.13 155.57 1.13 1 0 1240.22
14 157.27 153.87 155.57 -3.40 0 1 416.24
1 151.60 155.00 153.30 3.40 0 1 4487.71
16 158.40 155.00 156.70 -3.40 0 1 503.28
2 152.73 153.87 153.30 1.14 0 1 815.96
8 155.00 153.87 154.44 -1.13 1 0 1207.06
3 152.73 156.13 154.43 3.40 0 1 566.41
15 157.27 156.13 156.70 -1.14 1 0 780.57
1 151.60 155.00 153.30 3.40 1 0 603.09
13 156.13 157.27 156.70 1.14 0 1 802.27
14 157.27 153.87 155.57 -3.40 0 1 1373.24
7 155.00 151.60 153.30 -3.40 1 0 1150.82
5 153.87 155.00 154.44 1.13 0 1 1198.95
4 153.87 152.73 153.30 -1.14 0 1 816.60
10 155.00 158.40 156.70 3.40 0 1 856.25
9 155.00 156.13 155.57 1.13 1 0 1549.49
6 153.87 157.27 155.57 3.40 0 1 983.11
11 156.13 152.73 154.43 -3.40 0 1 2197.86
12 156.13 155.00 155.57 -1.13 1 0 812.11
16 158.40 155.00 156.70 -3.40 1 0 1304.98
8 155.00 153.87 154.44 -1.13 0 1 639.78
3 152.73 156.13 154.43 3.40 0 1 1127.81
5 153.87 155.00 154.44 1.13 1 0 2638.63
7 155.00 151.60 153.30 -3.40 0 1 967.38
10 155.00 158.40 156.70 3.40 0 1 871.66
12 156.13 155.00 155.57 -1.13 1 0 1057.97
4 153.87 152.73 153.30 -1.14 0 1 739.85
6 153.87 157.27 155.57 3.40 0 1 2156.28
9 155.00 156.13 155.57 1.13 1 0 2994.64
2 152.73 153.87 153.30 1.14 0 1 4226.90
13 156.13 157.27 156.70 1.14 1 0 1883.60
1 151.60 155.00 153.30 3.40 1 0 3597.33
15 157.27 156.13 156.70 -1.14 0 1 1363.86
11 156.13 152.73 154.43 -3.40 0 1 2505.17
16 158.40 155.00 156.70 -3.40 1 0 2400.32
14 157.27 153.87 155.57 -3.40 0 1 1231.18
15 157.27 156.13 156.70 -1.14 0 1 3148.02
13 156.13 157.27 156.70 1.14 1 0 1048.58
2 152.73 153.87 153.30 1.14 0 1 817.50
5 153.87 155.00 154.44 1.13 0 1 2338.27
6 153.87 157.27 155.57 3.40 0 1 1433.96
11 156.13 152.73 154.43 -3.40 1 0 2767.91
3 152.73 156.13 154.43 3.40 0 1 5579.79
12 156.13 155.00 155.57 -1.13 0 1 6996.85
8 155.00 153.87 154.44 -1.13 1 0 5774.49
14 157.27 153.87 155.57 -3.40 0 1 4973.08
4 153.87 152.73 153.30 -1.14 0 1 1007.65
1 151.60 155.00 153.30 3.40 0 1 1184.80
9 155.00 156.13 155.57 1.13 0 1 2491.23
10 155.00 158.40 156.70 3.40 0 1 1333.08
16 158.40 155.00 156.70 -3.40 0 1 2398.13
7 155.00 151.60 153.30 -3.40 1 0 736.89
13 156.13 157.27 156.70 1.14 0 1 1502.23
2 152.73 153.87 153.30 1.14 0 1 1114.31
3 152.73 156.13 154.43 3.40 0 1 1967.29
4 153.87 152.73 153.30 -1.14 0 1 1123.75
7 155.00 151.60 153.30 -3.40 0 1 871.55
9 155.00 156.13 155.57 1.13 0 1 1772.01
11 156.13 152.73 154.43 -3.40 0 1 850.55
10 155.00 158.40 156.70 3.40 0 1 945.27
5 153.87 155.00 154.44 1.13 1 0 1362.73
1 151.60 155.00 153.30 3.40 1 0 1438.55
16 158.40 155.00 156.70 -3.40 0 1 1445.87
8 155.00 153.87 154.44 -1.13 0 1 737.90
6 153.87 157.27 155.57 3.40 0 1 889.24
15 157.27 156.13 156.70 -1.14 0 1 909.69
12 156.13 155.00 155.57 -1.13 0 1 745.62
14 157.27 153.87 155.57 -3.40 1 0 1896.13
11 156.13 152.73 154.43 -3.40 1 0 964.77
4 153.87 152.73 153.30 -1.14 1 0 1159.85
7 155.00 151.60 153.30 -3.40 0 1 702.20
8 155.00 153.87 154.44 -1.13 1 0 1828.23
16 158.40 155.00 156.70 -3.40 1 0 3207.12
3 152.73 156.13 154.43 3.40 0 1 2389.22
14 157.27 153.87 155.57 -3.40 1 0 2577.18
10 155.00 158.40 156.70 3.40 1 0 768.65
5 153.87 155.00 154.44 1.13 0 1 2763.10
13 156.13 157.27 156.70 1.14 0 1 6555.60
12 156.13 155.00 155.57 -1.13 1 0 5744.55
6 153.87 157.27 155.57 3.40 0 1 1443.55
15 157.27 156.13 156.70 -1.14 0 1 2831.02
1 151.60 155.00 153.30 3.40 0 1 1934.42
2 152.73 153.87 153.30 1.14 1 0 2802.75
9 155.00 156.13 155.57 1.13 0 1 4425.74
11 156.13 152.73 154.43 -3.40 1 0 1308.25
7 155.00 151.60 153.30 -3.40 1 0 3022.15
13 156.13 157.27 156.70 1.14 0 1 2513.84
12 156.13 155.00 155.57 -1.13 1 0 3457.70
16 158.40 155.00 156.70 -3.40 1 0 5369.66
9 155.00 156.13 155.57 1.13 0 1 2562.37
6 153.87 157.27 155.57 3.40 0 1 2104.51
3 152.73 156.13 154.43 3.40 0 1 1653.47
10 155.00 158.40 156.70 3.40 0 1 2041.27
2 152.73 153.87 153.30 1.14 1 0 3848.25
5 153.87 155.00 154.44 1.13 0 1 3208.64
8 155.00 153.87 154.44 -1.13 1 0 4080.36
14 157.27 153.87 155.57 -3.40 1 0 1540.15
15 157.27 156.13 156.70 -1.14 0 1 3153.55
4 153.87 152.73 153.30 -1.14 1 0 963.61
1 151.60 155.00 153.30 3.40 1 0 2680.81
10 155.00 158.40 156.70 3.40 0 1 974.30
7 155.00 151.60 153.30 -3.40 1 0 1226.79
15 157.27 156.13 156.70 -1.14 0 1 1038.13
1 151.60 155.00 153.30 3.40 0 1 2733.13
8 155.00 153.87 154.44 -1.13 1 0 2791.05
13 156.13 157.27 156.70 1.14 0 1 1137.67
6 153.87 157.27 155.57 3.40 0 1 968.10
2 152.73 153.87 153.30 1.14 0 1 3348.97
4 153.87 152.73 153.30 -1.14 1 0 1172.74
12 156.13 155.00 155.57 -1.13 1 0 1407.10
3 152.73 156.13 154.43 3.40 1 0 2050.61
5 153.87 155.00 154.44 1.13 1 0 950.26
11 156.13 152.73 154.43 -3.40 1 0 6496.65
9 155.00 156.13 155.57 1.13 0 1 3092.81
14 157.27 153.87 155.57 -3.40 1 0 4935.54
16 158.40 155.00 156.70 -3.40 0 1 1791.60
4 153.87 152.73 153.30 -1.14 1 0 1166.17
3 152.73 156.13 154.43 3.40 0 1 724.57
2 152.73 153.87 153.30 1.14 1 0 2117.97
7 155.00 151.60 153.30 -3.40 1 0 886.86
8 155.00 153.87 154.44 -1.13 1 0 1420.68
6 153.87 157.27 155.57 3.40 0 1 1260.78
12 156.13 155.00 155.57 -1.13 1 0 786.64
10 155.00 158.40 156.70 3.40 0 1 1120.80
13 156.13 157.27 156.70 1.14 0 1 712.94
15 157.27 156.13 156.70 -1.14 0 1 1398.84
16 158.40 155.00 156.70 -3.40 0 1 1611.32
11 156.13 152.73 154.43 -3.40 1 0 3570.04
9 155.00 156.13 155.57 1.13 0 1 1133.48
14 157.27 153.87 155.57 -3.40 1 0 2221.40
5 153.87 155.00 154.44 1.13 0 1 1766.66
1 151.60 155.00 153.30 3.40 0 1 643.56
6 153.87 157.27 155.57 3.40 0 1 1024.78
7 155.00 151.60 153.30 -3.40 1 0 2391.63
5 153.87 155.00 154.44 1.13 0 1 2312.73
4 153.87 152.73 153.30 -1.14 1 0 1005.84
13 156.13 157.27 156.70 1.14 0 1 1974.41
14 157.27 153.87 155.57 -3.40 1 0 2371.27
12 156.13 155.00 155.57 -1.13 1 0 2219.07
15 157.27 156.13 156.70 -1.14 0 1 1313.14
11 156.13 152.73 154.43 -3.40 1 0 2982.93
8 155.00 153.87 154.44 -1.13 0 1 887.00
16 158.40 155.00 156.70 -3.40 0 1 1330.18
9 155.00 156.13 155.57 1.13 0 1 1106.85
10 155.00 158.40 156.70 3.40 0 1 1660.85
3 152.73 156.13 154.43 3.40 0 1 1026.58
2 152.73 153.87 153.30 1.14 1 0 1168.49
1 151.60 155.00 153.30 3.40 1 0 1796.74
14 157.27 153.87 155.57 -3.40 1 0 2481.37
10 155.00 158.40 156.70 3.40 0 1 3747.63
16 158.40 155.00 156.70 -3.40 0 1 2032.07
9 155.00 156.13 155.57 1.13 0 1 710.81
8 155.00 153.87 154.44 -1.13 0 1 973.11
13 156.13 157.27 156.70 1.14 0 1 1664.66
4 153.87 152.73 153.30 -1.14 1 0 861.30
15 157.27 156.13 156.70 -1.14 0 1 750.36
12 156.13 155.00 155.57 -1.13 0 1 892.44
5 153.87 155.00 154.44 1.13 1 0 1354.24
11 156.13 152.73 154.43 -3.40 1 0 944.94
2 152.73 153.87 153.30 1.14 1 0 2806.61
1 151.60 155.00 153.30 3.40 0 1 843.09
3 152.73 156.13 154.43 3.40 0 1 710.66
6 153.87 157.27 155.57 3.40 0 1 572.51
7 155.00 151.60 153.30 -3.40 1 0 738.79
4 153.87 152.73 153.30 -1.14 1 0 919.78
15 157.27 156.13 156.70 -1.14 0 1 984.17
2 152.73 153.87 153.30 1.14 0 1 848.56
3 152.73 156.13 154.43 3.40 1 0 931.74
10 155.00 158.40 156.70 3.40 1 0 911.42
12 156.13 155.00 155.57 -1.13 0 1 1653.56
14 157.27 153.87 155.57 -3.40 0 1 3046.88
16 158.40 155.00 156.70 -3.40 0 1 1015.48
13 156.13 157.27 156.70 1.14 1 0 1222.03
9 155.00 156.13 155.57 1.13 1 0 1953.56
7 155.00 151.60 153.30 -3.40 1 0 1014.65
1 151.60 155.00 153.30 3.40 0 1 1254.21
6 153.87 157.27 155.57 3.40 0 1 653.91
5 153.87 155.00 154.44 1.13 0 1 1329.68
8 155.00 153.87 154.44 -1.13 0 1 715.87
11 156.13 152.73 154.43 -3.40 1 0 524.75
1 151.60 155.00 153.30 3.40 1 0 849.96
14 157.27 153.87 155.57 -3.40 1 0 1140.03
9 155.00 156.13 155.57 1.13 1 0 4246.01
6 153.87 157.27 155.57 3.40 0 1 1111.36
8 155.00 153.87 154.44 -1.13 1 0 955.78
2 152.73 153.87 153.30 1.14 1 0 728.46
4 153.87 152.73 153.30 -1.14 1 0 750.25
11 156.13 152.73 154.43 -3.40 1 0 1985.95
3 152.73 156.13 154.43 3.40 0 1 779.81
16 158.40 155.00 156.70 -3.40 0 1 1569.73
12 156.13 155.00 155.57 -1.13 1 0 980.19
5 153.87 155.00 154.44 1.13 1 0 611.72
7 155.00 151.60 153.30 -3.40 1 0 1819.59
13 156.13 157.27 156.70 1.14 0 1 1543.75
15 157.27 156.13 156.70 -1.14 0 1 1324.41
10 155.00 158.40 156.70 3.40 0 1 2128.57
5 153.87 155.00 154.44 1.13 1 0 2347.61
3 152.73 156.13 154.43 3.40 0 1 732.29
4 153.87 152.73 153.30 -1.14 1 0 869.25
14 157.27 153.87 155.57 -3.40 1 0 1125.30
2 152.73 153.87 153.30 1.14 1 0 507.24
8 155.00 153.87 154.44 -1.13 1 0 719.82
1 151.60 155.00 153.30 3.40 1 0 4128.39
6 153.87 157.27 155.57 3.40 0 1 932.14
16 158.40 155.00 156.70 -3.40 0 1 3000.81
9 155.00 156.13 155.57 1.13 0 1 1094.22
12 156.13 155.00 155.57 -1.13 1 0 1135.75
10 155.00 158.40 156.70 3.40 0 1 834.18
13 156.13 157.27 156.70 1.14 0 1 907.47
15 157.27 156.13 156.70 -1.14 0 1 640.57
11 156.13 152.73 154.43 -3.40 1 0 746.13
7 155.00 151.60 153.30 -3.40 1 0 618.78
2 152.73 153.87 153.30 1.14 1 0 611.26
13 156.13 157.27 156.70 1.14 0 1 842.41
6 153.87 157.27 155.57 3.40 0 1 512.81
10 155.00 158.40 156.70 3.40 0 1 576.38
12 156.13 155.00 155.57 -1.13 1 0 775.01
3 152.73 156.13 154.43 3.40 0 1 628.62
9 155.00 156.13 155.57 1.13 0 1 579.08
8 155.00 153.87 154.44 -1.13 1 0 1444.51
14 157.27 153.87 155.57 -3.40 1 0 572.33
15 157.27 156.13 156.70 -1.14 0 1 1004.80
11 156.13 152.73 154.43 -3.40 1 0 900.94
5 153.87 155.00 154.44 1.13 0 1 764.65
16 158.40 155.00 156.70 -3.40 1 0 642.26
7 155.00 151.60 153.30 -3.40 0 1 387.18
4 153.87 152.73 153.30 -1.14 1 0 447.45
1 151.60 155.00 153.30 3.40 1 0 602.85
7 155.00 151.60 153.30 -3.40 0 1 611.30
11 156.13 152.73 154.43 -3.40 1 0 1071.19
12 156.13 155.00 155.57 -1.13 1 0 474.50
9 155.00 156.13 155.57 1.13 0 1 812.35
3 152.73 156.13 154.43 3.40 0 1 1631.00
10 155.00 158.40 156.70 3.40 0 1 764.30
2 152.73 153.87 153.30 1.14 0 1 791.63
4 153.87 152.73 153.30 -1.14 1 0 599.32
6 153.87 157.27 155.57 3.40 0 1 904.32
5 153.87 155.00 154.44 1.13 0 1 771.78
14 157.27 153.87 155.57 -3.40 1 0 792.65
15 157.27 156.13 156.70 -1.14 0 1 768.34
16 158.40 155.00 156.70 -3.40 1 0 318.09
13 156.13 157.27 156.70 1.14 0 1 836.02
8 155.00 153.87 154.44 -1.13 0 1 549.12
1 151.60 155.00 153.30 3.40 1 0 1198.34
5 153.87 155.00 154.44 1.13 0 1 473.43
6 153.87 157.27 155.57 3.40 1 0 365.60
11 156.13 152.73 154.43 -3.40 0 1 488.06
15 157.27 156.13 156.70 -1.14 0 1 525.04
8 155.00 153.87 154.44 -1.13 0 1 541.31
12 156.13 155.00 155.57 -1.13 1 0 1084.23
3 152.73 156.13 154.43 3.40 0 1 714.07
4 153.87 152.73 153.30 -1.14 0 1 1031.92
2 152.73 153.87 153.30 1.14 1 0 1041.41
13 156.13 157.27 156.70 1.14 0 1 1519.09
14 157.27 153.87 155.57 -3.40 0 1 1412.21
9 155.00 156.13 155.57 1.13 1 0 811.80
7 155.00 151.60 153.30 -3.40 1 0 1029.53
1 151.60 155.00 153.30 3.40 0 1 638.96
10 155.00 158.40 156.70 3.40 0 1 633.20
16 158.40 155.00 156.70 -3.40 0 1 602.83
