11 156.13 152.73 154.43 -3.40 0 1 2852.17
13 156.13 157.27 156.70 1.14 0 1 5114.45
5 153.87 155.00 154.44 1.13 1 0 958.94
2 152.73 153.87 153.30 1.14 0 1 996.37
3 152.73 156.13 154.43 3.40 0 1 777.83
8 155.00 153.87 154.44 -1.13 1 0 829.04
7 155.00 151.60 153.30 -3.40 1 0 619.65
14 157.27 153.87 155.57 -3.40 1 0 649.17
4 153.87 152.73 153.30 -1.14 0 1 636.67
1 151.60 155.00 153.30 3.40 0 1 608.48
12 156.13 155.00 155.57 -1.13 1 0 716.93
10 155.00 158.40 156.70 3.40 1 0 748.10
6 153.87 157.27 155.57 3.40 0 1 806.00
9 155.00 156.13 155.57 1.13 1 0 701.05
15 157.27 156.13 156.70 -1.14 1 0 962.37
16 158.40 155.00 156.70 -3.40 1 0 746.85
10 155.00 158.40 156.70 3.40 1 0 1834.27
14 157.27 153.87 155.57 -3.40 1 0 766.02
8 155.00 153.87 154.44 -1.13 0 1 950.76
9 155.00 156.13 155.57 1.13 1 0 695.51
4 153.87 152.73 153.30 -1.14 1 0 1035.28
11 156.13 152.73 154.43 -3.40 1 0 593.14
15 157.27 156.13 156.70 -1.14 1 0 496.99
13 156.13 157.27 156.70 1.14 1 0 446.44
2 152.73 153.87 153.30 1.14 0 1 566.40
1 151.60 155.00 153.30 3.40 0 1 450.74
6 153.87 157.27 155.57 3.40 1 0 673.82
3 152.73 156.13 154.43 3.40 0 1 711.67
7 155.00 151.60 153.30 -3.40 1 0 648.20
5 153.87 155.00 154.44 1.13 0 1 614.37
12 156.13 155.00 155.57 -1.13 1 0 561.98
16 158.40 155.00 156.70 -3.40 1 0 469.84
10 155.00 158.40 156.70 3.40 1 0 437.22
4 153.87 152.73 153.30 -1.14 0 1 734.78
3 152.73 156.13 154.43 3.40 0 1 517.74
6 153.87 157.27 155.57 3.40 0 1 692.88
5 153.87 155.00 154.44 1.13 1 0 599.73
9 155.00 156.13 155.57 1.13 0 1 619.60
11 156.13 152.73 154.43 -3.40 1 0 515.42
2 152.73 153.87 153.30 1.14 0 1 453.61
15 157.27 156.13 156.70 -1.14 1 0 603.82
14 157.27 153.87 155.57 -3.40 1 0 502.33
7 155.00 151.60 153.30 -3.40 1 0 507.38
12 156.13 155.00 155.57 -1.13 0 1 401.81
13 156.13 157.27 156.70 1.14 0 1 517.89
8 155.00 153.87 154.44 -1.13 1 0 541.60
1 151.60 155.00 153.30 3.40 0 1 479.86
16 158.40 155.00 156.70 -3.40 1 0 571.95
16 158.40 155.00 156.70 -3.40 1 0 561.08
14 157.27 153.87 155.57 -3.40 1 0 517.93
13 156.13 157.27 156.70 1.14 0 1 717.44
9 155.00 156.13 155.57 1.13 1 0 570.04
7 155.00 151.60 153.30 -3.40 1 0 597.38
3 152.73 156.13 154.43 3.40 0 1 634.18
11 156.13 152.73 154.43 -3.40 1 0 511.98
5 153.87 155.00 154.44 1.13 0 1 650.54
2 152.73 153.87 153.30 1.14 0 1 634.48
10 155.00 158.40 156.70 3.40 1 0 430.36
6 153.87 157.27 155.57 3.40 0 1 618.34
15 157.27 156.13 156.70 -1.14 1 0 519.71
8 155.00 153.87 154.44 -1.13 0 1 721.81
12 156.13 155.00 155.57 -1.13 1 0 794.23
1 151.60 155.00 153.30 3.40 0 1 799.35
4 153.87 152.73 153.30 -1.14 1 0 883.20
13 156.13 157.27 156.70 1.14 0 1 710.29
2 152.73 153.87 153.30 1.14 0 1 598.38
7 155.00 151.60 153.30 -3.40 0 1 677.13
5 153.87 155.00 154.44 1.13 0 1 595.35
12 156.13 155.00 155.57 -1.13 1 0 667.27
3 152.73 156.13 154.43 3.40 0 1 755.94
9 155.00 156.13 155.57 1.13 0 1 752.00
10 155.00 158.40 156.70 3.40 0 1 545.92
1 151.60 155.00 153.30 3.40 0 1 524.63
8 155.00 153.87 154.44 -1.13 1 0 918.74
11 156.13 152.73 154.43 -3.40 0 1 886.49
14 157.27 153.87 155.57 -3.40 1 0 781.96
6 153.87 157.27 155.57 3.40 0 1 670.78
16 158.40 155.00 156.70 -3.40 1 0 691.36
15 157.27 156.13 156.70 -1.14 0 1 587.09
4 153.87 152.73 153.30 -1.14 0 1 650.78
13 156.13 157.27 156.70 1.14 1 0 523.21
6 153.87 157.27 155.57 3.40 0 1 558.48
11 156.13 152.73 154.43 -3.40 0 1 629.23
2 152.73 153.87 153.30 1.14 0 1 530.50
12 156.13 155.00 155.57 -1.13 1 0 556.30
8 155.00 153.87 154.44 -1.13 1 0 698.94
15 157.27 156.13 156.70 -1.14 1 0 597.79
5 153.87 155.00 154.44 1.13 0 1 595.65
7 155.00 151.60 153.30 -3.40 0 1 648.95
3 152.73 156.13 154.43 3.40 1 0 512.37
9 155.00 156.13 155.57 1.13 0 1 524.41
14 157.27 153.87 155.57 -3.40 1 0 559.25
10 155.00 158.40 156.70 3.40 1 0 611.56
1 151.60 155.00 153.30 3.40 0 1 501.45
16 158.40 155.00 156.70 -3.40 1 0 612.18
4 153.87 152.73 153.30 -1.14 0 1 702.05
1 151.60 155.00 153.30 3.40 0 1 524.31
14 157.27 153.87 155.57 -3.40 1 0 770.60
5 153.87 155.00 154.44 1.13 0 1 609.83
11 156.13 152.73 154.43 -3.40 1 0 608.44
6 153.87 157.27 155.57 3.40 0 1 594.89
13 156.13 157.27 156.70 1.14 1 0 606.04
15 157.27 156.13 156.70 -1.14 1 0 350.64
7 155.00 151.60 153.30 -3.40 0 1 449.89
3 152.73 156.13 154.43 3.40 0 1 533.31
10 155.00 158.40 156.70 3.40 1 0 549.09
2 152.73 153.87 153.30 1.14 0 1 586.92
9 155.00 156.13 155.57 1.13 1 0 597.16
8 155.00 153.87 154.44 -1.13 0 1 823.66
4 153.87 152.73 153.30 -1.14 0 1 460.07
12 156.13 155.00 155.57 -1.13 0 1 550.80
16 158.40 155.00 156.70 -3.40 1 0 593.71
3 152.73 156.13 154.43 3.40 0 1 583.93
12 156.13 155.00 155.57 -1.13 1 0 922.89
13 156.13 157.27 156.70 1.14 1 0 545.19
4 153.87 152.73 153.30 -1.14 0 1 506.69
7 155.00 151.60 153.30 -3.40 0 1 580.33
1 151.60 155.00 153.30 3.40 0 1 697.60
6 153.87 157.27 155.57 3.40 0 1 677.77
8 155.00 153.87 154.44 -1.13 0 1 649.28
10 155.00 158.40 156.70 3.40 1 0 850.12
9 155.00 156.13 155.57 1.13 1 0 563.29
15 157.27 156.13 156.70 -1.14 1 0 703.37
14 157.27 153.87 155.57 -3.40 1 0 690.60
2 152.73 153.87 153.30 1.14 0 1 458.57
11 156.13 152.73 154.43 -3.40 1 0 1048.60
5 153.87 155.00 154.44 1.13 0 1 729.76
16 158.40 155.00 156.70 -3.40 1 0 622.57
4 153.87 152.73 153.30 -1.14 0 1 722.00
5 153.87 155.00 154.44 1.13 1 0 541.52
7 155.00 151.60 153.30 -3.40 0 1 618.10
12 156.13 155.00 155.57 -1.13 0 1 543.18
9 155.00 156.13 155.57 1.13 1 0 551.00
8 155.00 153.87 154.44 -1.13 0 1 757.54
15 157.27 156.13 156.70 -1.14 0 1 725.97
1 151.60 155.00 153.30 3.40 0 1 586.60
11 156.13 152.73 154.43 -3.40 1 0 669.64
3 152.73 156.13 154.43 3.40 0 1 724.70
16 158.40 155.00 156.70 -3.40 1 0 675.13
6 153.87 157.27 155.57 3.40 0 1 542.91
10 155.00 158.40 156.70 3.40 1 0 478.62
2 152.73 153.87 153.30 1.14 0 1 586.59
14 157.27 153.87 155.57 -3.40 1 0 530.05
13 156.13 157.27 156.70 1.14 1 0 545.97
16 158.40 155.00 156.70 -3.40 1 0 616.81
10 155.00 158.40 156.70 3.40 0 1 681.33
13 156.13 157.27 156.70 1.14 1 0 563.89
12 156.13 155.00 155.57 -1.13 0 1 346.30
11 156.13 152.73 154.43 -3.40 1 0 425.60
15 157.27 156.13 156.70 -1.14 1 0 540.04
9 155.00 156.13 155.57 1.13 1 0 572.16
7 155.00 151.60 153.30 -3.40 0 1 687.63
8 155.00 153.87 154.44 -1.13 1 0 610.15
3 152.73 156.13 154.43 3.40 0 1 675.16
2 152.73 153.87 153.30 1.14 1 0 662.50
5 153.87 155.00 154.44 1.13 0 1 730.84
6 153.87 157.27 155.57 3.40 0 1 731.04
4 153.87 152.73 153.30 -1.14 1 0 548.94
1 151.60 155.00 153.30 3.40 1 0 747.75
14 157.27 153.87 155.57 -3.40 1 0 596.63
12 156.13 155.00 155.57 -1.13 1 0 579.16
13 156.13 157.27 156.70 1.14 1 0 473.83
4 153.87 152.73 153.30 -1.14 0 1 388.27
2 152.73 153.87 153.30 1.14 1 0 617.19
10 155.00 158.40 156.70 3.40 1 0 925.52
3 152.73 156.13 154.43 3.40 0 1 1383.86
15 157.27 156.13 156.70 -1.14 1 0 708.45
8 155.00 153.87 154.44 -1.13 1 0 682.15
5 153.87 155.00 154.44 1.13 1 0 652.21
7 155.00 151.60 153.30 -3.40 0 1 599.08
9 155.00 156.13 155.57 1.13 1 0 670.12
11 156.13 152.73 154.43 -3.40 1 0 838.68
16 158.40 155.00 156.70 -3.40 1 0 405.40
1 151.60 155.00 153.30 3.40 0 1 600.28
14 157.27 153.87 155.57 -3.40 1 0 572.47
6 153.87 157.27 155.57 3.40 0 1 744.15
11 156.13 152.73 154.43 -3.40 1 0 586.22
5 153.87 155.00 154.44 1.13 0 1 578.72
15 157.27 156.13 156.70 -1.14 1 0 974.47
4 153.87 152.73 153.30 -1.14 0 1 903.23
12 156.13 155.00 155.57 -1.13 1 0 633.93
8 155.00 153.87 154.44 -1.13 0 1 713.28
6 153.87 157.27 155.57 3.40 1 0 534.62
2 152.73 153.87 153.30 1.14 1 0 644.47
13 156.13 157.27 156.70 1.14 1 0 698.51
10 155.00 158.40 156.70 3.40 1 0 685.57
3 152.73 156.13 154.43 3.40 0 1 509.30
7 155.00 151.60 153.30 -3.40 0 1 442.10
1 151.60 155.00 153.30 3.40 0 1 597.17
16 158.40 155.00 156.70 -3.40 1 0 672.22
9 155.00 156.13 155.57 1.13 1 0 808.47
14 157.27 153.87 155.57 -3.40 1 0 559.36
7 155.00 151.60 153.30 -3.40 0 1 575.87
12 156.13 155.00 155.57 -1.13 1 0 634.53
3 152.73 156.13 154.43 3.40 1 0 626.35
2 152.73 153.87 153.30 1.14 0 1 846.19
6 153.87 157.27 155.57 3.40 0 1 713.44
13 156.13 157.27 156.70 1.14 1 0 662.32
16 158.40 155.00 156.70 -3.40 1 0 644.93
10 155.00 158.40 156.70 3.40 1 0 862.01
15 157.27 156.13 156.70 -1.14 1 0 549.31
14 157.27 153.87 155.57 -3.40 1 0 887.20
5 153.87 155.00 154.44 1.13 0 1 1016.88
8 155.00 153.87 154.44 -1.13 0 1 977.90
9 155.00 156.13 155.57 1.13 1 0 1056.68
11 156.13 152.73 154.43 -3.40 1 0 1030.12
4 153.87 152.73 153.30 -1.14 1 0 876.58
1 151.60 155.00 153.30 3.40 0 1 811.89
3 152.73 156.13 154.43 3.40 1 0 811.35
11 156.13 152.73 154.43 -3.40 0 1 1323.09
9 155.00 156.13 155.57 1.13 0 1 743.95
13 156.13 157.27 156.70 1.14 1 0 563.72
5 153.87 155.00 154.44 1.13 1 0 688.89
14 157.27 153.87 155.57 -3.40 1 0 827.70
16 158.40 155.00 156.70 -3.40 1 0 716.15
15 157.27 156.13 156.70 -1.14 1 0 621.26
2 152.73 153.87 153.30 1.14 0 1 751.09
4 153.87 152.73 153.30 -1.14 0 1 721.29
1 151.60 155.00 153.30 3.40 1 0 675.32
12 156.13 155.00 155.57 -1.13 0 1 967.03
7 155.00 151.60 153.30 -3.40 1 0 746.15
6 153.87 157.27 155.57 3.40 1 0 626.67
8 155.00 153.87 154.44 -1.13 1 0 796.41
10 155.00 158.40 156.70 3.40 1 0 676.18
6 153.87 157.27 155.57 3.40 1 0 551.10
9 155.00 156.13 155.57 1.13 1 0 693.66
5 153.87 155.00 154.44 1.13 1 0 700.60
3 152.73 156.13 154.43 3.40 0 1 828.59
11 156.13 152.73 154.43 -3.40 1 0 810.59
13 156.13 157.27 156.70 1.14 1 0 536.23
15 157.27 156.13 156.70 -1.14 1 0 744.50
12 156.13 155.00 155.57 -1.13 1 0 1031.05
10 155.00 158.40 156.70 3.40 1 0 801.62
14 157.27 153.87 155.57 -3.40 0 1 619.03
2 152.73 153.87 153.30 1.14 0 1 923.97
4 153.87 152.73 153.30 -1.14 1 0 974.36
7 155.00 151.60 153.30 -3.40 0 1 591.28
1 151.60 155.00 153.30 3.40 0 1 476.67
16 158.40 155.00 156.70 -3.40 0 1 277.97
8 155.00 153.87 154.44 -1.13 0 1 747.69
6 153.87 157.27 155.57 3.40 1 0 511.23
3 152.73 156.13 154.43 3.40 1 0 476.36
13 156.13 157.27 156.70 1.14 1 0 560.29
9 155.00 156.13 155.57 1.13 1 0 473.00
15 157.27 156.13 156.70 -1.14 1 0 516.43
16 158.40 155.00 156.70 -3.40 1 0 846.82
7 155.00 151.60 153.30 -3.40 1 0 627.53
4 153.87 152.73 153.30 -1.14 1 0 928.41
8 155.00 153.87 154.44 -1.13 1 0 785.97
5 153.87 155.00 154.44 1.13 1 0 825.75
11 156.13 152.73 154.43 -3.40 1 0 521.38
12 156.13 155.00 155.57 -1.13 1 0 594.05
10 155.00 158.40 156.70 3.40 1 0 589.66
2 152.73 153.87 153.30 1.14 0 1 740.64
14 157.27 153.87 155.57 -3.40 1 0 545.22
1 151.60 155.00 153.30 3.40 1 0 857.71
10 155.00 158.40 156.70 3.40 1 0 1343.02
11 156.13 152.73 154.43 -3.40 1 0 1461.92
15 157.27 156.13 156.70 -1.14 1 0 863.42
9 155.00 156.13 155.57 1.13 1 0 1977.75
5 153.87 155.00 154.44 1.13 1 0 1306.75
2 152.73 153.87 153.30 1.14 0 1 1866.88
12 156.13 155.00 155.57 -1.13 1 0 926.68
3 152.73 156.13 154.43 3.40 0 1 1125.29
13 156.13 157.27 156.70 1.14 1 0 844.64
14 157.27 153.87 155.57 -3.40 1 0 988.45
16 158.40 155.00 156.70 -3.40 1 0 835.19
4 153.87 152.73 153.30 -1.14 0 1 808.81
1 151.60 155.00 153.30 3.40 0 1 664.23
6 153.87 157.27 155.57 3.40 0 1 829.22
7 155.00 151.60 153.30 -3.40 0 1 492.47
8 155.00 153.87 154.44 -1.13 1 0 478.33
2 152.73 153.87 153.30 1.14 0 1 1047.89
7 155.00 151.60 153.30 -3.40 1 0 900.06
6 153.87 157.27 155.57 3.40 1 0 559.44
5 153.87 155.00 154.44 1.13 1 0 716.20
13 156.13 157.27 156.70 1.14 1 0 720.01
8 155.00 153.87 154.44 -1.13 1 0 933.99
11 156.13 152.73 154.43 -3.40 1 0 800.51
15 157.27 156.13 156.70 -1.14 1 0 902.58
3 152.73 156.13 154.43 3.40 1 0 601.62
9 155.00 156.13 155.57 1.13 1 0 643.48
14 157.27 153.87 155.57 -3.40 1 0 935.04
4 153.87 152.73 153.30 -1.14 0 1 660.82
10 155.00 158.40 156.70 3.40 1 0 560.20
1 151.60 155.00 153.30 3.40 0 1 849.03
12 156.13 155.00 155.57 -1.13 1 0 621.74
16 158.40 155.00 156.70 -3.40 1 0 629.06
