14 157.27 153.87 155.57 -3.40 0 1 3325.22
7 155.00 151.60 153.30 -3.40 0 1 3909.33
10 155.00 158.40 156.70 3.40 1 0 4473.79
15 157.27 156.13 156.70 -1.14 1 0 9346.49
11 156.13 152.73 154.43 -3.40 1 0 5184.17
4 153.87 152.73 153.30 -1.14 0 1 907.10
2 152.73 153.87 153.30 1.14 0 1 3582.71
13 156.13 157.27 156.70 1.14 0 1 3928.63
8 155.00 153.87 154.44 -1.13 0 1 6816.51
12 156.13 155.00 155.57 -1.13 0 1 2971.58
16 158.40 155.00 156.70 -3.40 0 1 4136.94
5 153.87 155.00 154.44 1.13 1 0 6344.40
9 155.00 156.13 155.57 1.13 1 0 6219.45
3 152.73 156.13 154.43 3.40 1 0 5012.48
6 153.87 157.27 155.57 3.40 0 1 8249.68
1 151.60 155.00 153.30 3.40 1 0 9304.88
11 156.13 152.73 154.43 -3.40 1 0 2369.13
8 155.00 153.87 154.44 -1.13 1 0 19871.50
3 152.73 156.13 154.43 3.40 1 0 7129.33
13 156.13 157.27 156.70 1.14 1 0 6328.74
6 153.87 157.27 155.57 3.40 1 0 3874.26
5 153.87 155.00 154.44 1.13 1 0 6890.79
7 155.00 151.60 153.30 -3.40 1 0 5432.34
9 155.00 156.13 155.57 1.13 1 0 7560.80
15 157.27 156.13 156.70 -1.14 1 0 9703.49
12 156.13 155.00 155.57 -1.13 1 0 14953.55
2 152.73 153.87 153.30 1.14 1 0 4537.29
1 151.60 155.00 153.30 3.40 1 0 4359.86
10 155.00 158.40 156.70 3.40 1 0 6863.69
14 157.27 153.87 155.57 -3.40 1 0 2341.73
16 158.40 155.00 156.70 -3.40 1 0 1519.52
4 153.87 152.73 153.30 -1.14 0 1 5115.03
5 153.87 155.00 154.44 1.13 0 1 5977.98
14 157.27 153.87 155.57 -3.40 1 0 12010.40
10 155.00 158.40 156.70 3.40 1 0 34520.44
9 155.00 156.13 155.57 1.13 1 0 6971.08
13 156.13 157.27 156.70 1.14 1 0 885.86
4 153.87 152.73 153.30 -1.14 1 0 721.18
8 155.00 153.87 154.44 -1.13 1 0 423.52
7 155.00 151.60 153.30 -3.40 1 0 1364.92
15 157.27 156.13 156.70 -1.14 1 0 1447.89
11 156.13 152.73 154.43 -3.40 1 0 458.04
12 156.13 155.00 155.57 -1.13 1 0 2205.71
6 153.87 157.27 155.57 3.40 1 0 2565.82
3 152.73 156.13 154.43 3.40 1 0 1980.55
2 152.73 153.87 153.30 1.14 1 0 1654.07
1 151.60 155.00 153.30 3.40 1 0 2681.29
16 158.40 155.00 156.70 -3.40 1 0 2367.30
9 155.00 156.13 155.57 1.13 1 0 2108.09
5 153.87 155.00 154.44 1.13 1 0 701.71
3 152.73 156.13 154.43 3.40 1 0 201.78
10 155.00 158.40 156.70 3.40 1 0 3278.84
12 156.13 155.00 155.57 -1.13 1 0 3371.28
2 152.73 153.87 153.30 1.14 1 0 1737.30
11 156.13 152.73 154.43 -3.40 1 0 2629.58
4 153.87 152.73 153.30 -1.14 1 0 1086.01
15 157.27 156.13 156.70 -1.14 1 0 492.11
8 155.00 153.87 154.44 -1.13 1 0 814.77
14 157.27 153.87 155.57 -3.40 1 0 676.66
7 155.00 151.60 153.30 -3.40 1 0 585.41
6 153.87 157.27 155.57 3.40 1 0 1045.76
13 156.13 157.27 156.70 1.14 1 0 663.74
1 151.60 155.00 153.30 3.40 1 0 1143.71
16 158.40 155.00 156.70 -3.40 1 0 771.47
2 152.73 153.87 153.30 1.14 1 0 3774.33
8 155.00 153.87 154.44 -1.13 1 0 1008.89
10 155.00 158.40 156.70 3.40 1 0 1560.98
11 156.13 152.73 154.43 -3.40 1 0 1250.97
12 156.13 155.00 155.57 -1.13 1 0 342.23
7 155.00 151.60 153.30 -3.40 1 0 1668.60
3 152.73 156.13 154.43 3.40 1 0 699.58
16 158.40 155.00 156.70 -3.40 1 0 1326.79
5 153.87 155.00 154.44 1.13 1 0 1662.02
15 157.27 156.13 156.70 -1.14 0 1 5308.96
4 153.87 152.73 153.30 -1.14 0 1 4700.42
6 153.87 157.27 155.57 3.40 0 1 1218.85
1 151.60 155.00 153.30 3.40 0 1 2700.33
13 156.13 157.27 156.70 1.14 0 1 2684.48
14 157.27 153.87 155.57 -3.40 0 1 714.19
9 155.00 156.13 155.57 1.13 1 0 5424.07
5 153.87 155.00 154.44 1.13 1 0 3026.33
12 156.13 155.00 155.57 -1.13 1 0 957.15
15 157.27 156.13 156.70 -1.14 1 0 495.28
10 155.00 158.40 156.70 3.40 1 0 768.73
4 153.87 152.73 153.30 -1.14 1 0 294.01
2 152.73 153.87 153.30 1.14 1 0 1214.22
14 157.27 153.87 155.57 -3.40 1 0 3318.05
11 156.13 152.73 154.43 -3.40 1 0 903.15
13 156.13 157.27 156.70 1.14 1 0 1271.30
7 155.00 151.60 153.30 -3.40 1 0 677.02
16 158.40 155.00 156.70 -3.40 1 0 713.85
6 153.87 157.27 155.57 3.40 1 0 2670.83
9 155.00 156.13 155.57 1.13 1 0 4598.01
8 155.00 153.87 154.44 -1.13 1 0 460.30
3 152.73 156.13 154.43 3.40 1 0 554.04
1 151.60 155.00 153.30 3.40 1 0 599.70
2 152.73 153.87 153.30 1.14 1 0 1301.80
13 156.13 157.27 156.70 1.14 1 0 955.33
8 155.00 153.87 154.44 -1.13 1 0 903.40
7 155.00 151.60 153.30 -3.40 1 0 1562.04
6 153.87 157.27 155.57 3.40 1 0 1051.65
9 155.00 156.13 155.57 1.13 1 0 2014.30
12 156.13 155.00 155.57 -1.13 1 0 2316.35
14 157.27 153.87 155.57 -3.40 1 0 1767.91
11 156.13 152.73 154.43 -3.40 1 0 1251.85
16 158.40 155.00 156.70 -3.40 1 0 1444.85
10 155.00 158.40 156.70 3.40 1 0 2818.22
5 153.87 155.00 154.44 1.13 1 0 1074.73
4 153.87 152.73 153.30 -1.14 1 0 1662.98
15 157.27 156.13 156.70 -1.14 1 0 3009.02
3 152.73 156.13 154.43 3.40 1 0 1026.82
1 151.60 155.00 153.30 3.40 1 0 1279.94
13 156.13 157.27 156.70 1.14 1 0 732.53
3 152.73 156.13 154.43 3.40 1 0 306.10
8 155.00 153.87 154.44 -1.13 1 0 423.70
5 153.87 155.00 154.44 1.13 1 0 4243.28
7 155.00 151.60 153.30 -3.40 1 0 757.76
11 156.13 152.73 154.43 -3.40 1 0 396.98
4 153.87 152.73 153.30 -1.14 1 0 465.56
6 153.87 157.27 155.57 3.40 1 0 379.77
14 157.27 153.87 155.57 -3.40 1 0 0.18
16 158.40 155.00 156.70 -3.40 1 0 408.59
10 155.00 158.40 156.70 3.40 1 0 495.38
15 157.27 156.13 156.70 -1.14 1 0 728.45
12 156.13 155.00 155.57 -1.13 1 0 466.47
9 155.00 156.13 155.57 1.13 1 0 354.30
2 152.73 153.87 153.30 1.14 1 0 650.26
1 151.60 155.00 153.30 3.40 1 0 312.81
15 157.27 156.13 156.70 -1.14 1 0 719.91
11 156.13 152.73 154.43 -3.40 1 0 400.80
1 151.60 155.00 153.30 3.40 1 0 2476.12
4 153.87 152.73 153.30 -1.14 1 0 2359.03
8 155.00 153.87 154.44 -1.13 1 0 609.68
3 152.73 156.13 154.43 3.40 1 0 600.61
12 156.13 155.00 155.57 -1.13 1 0 2279.76
6 153.87 157.27 155.57 3.40 1 0 460.71
13 156.13 157.27 156.70 1.14 1 0 541.19
2 152.73 153.87 153.30 1.14 1 0 382.99
10 155.00 158.40 156.70 3.40 1 0 436.82
5 153.87 155.00 154.44 1.13 1 0 426.94
14 157.27 153.87 155.57 -3.40 1 0 411.09
9 155.00 156.13 155.57 1.13 1 0 578.11
7 155.00 151.60 153.30 -3.40 1 0 1025.02
16 158.40 155.00 156.70 -3.40 1 0 1851.26
16 158.40 155.00 156.70 -3.40 1 0 915.71
3 152.73 156.13 154.43 3.40 1 0 699.37
4 153.87 152.73 153.30 -1.14 1 0 3342.21
1 151.60 155.00 153.30 3.40 1 0 840.30
10 155.00 158.40 156.70 3.40 1 0 1663.06
7 155.00 151.60 153.30 -3.40 1 0 2739.19
14 157.27 153.87 155.57 -3.40 1 0 2793.09
9 155.00 156.13 155.57 1.13 1 0 461.23
8 155.00 153.87 154.44 -1.13 1 0 507.89
15 157.27 156.13 156.70 -1.14 1 0 695.28
2 152.73 153.87 153.30 1.14 1 0 415.23
11 156.13 152.73 154.43 -3.40 1 0 1546.90
5 153.87 155.00 154.44 1.13 1 0 621.11
12 156.13 155.00 155.57 -1.13 1 0 625.00
6 153.87 157.27 155.57 3.40 1 0 617.00
13 156.13 157.27 156.70 1.14 1 0 926.80
10 155.00 158.40 156.70 3.40 1 0 2938.98
12 156.13 155.00 155.57 -1.13 1 0 6866.41
13 156.13 157.27 156.70 1.14 1 0 4336.20
2 152.73 153.87 153.30 1.14 1 0 564.06
15 157.27 156.13 156.70 -1.14 1 0 2247.53
8 155.00 153.87 154.44 -1.13 1 0 574.83
3 152.73 156.13 154.43 3.40 1 0 1097.93
14 157.27 153.87 155.57 -3.40 1 0 262.68
7 155.00 151.60 153.30 -3.40 1 0 2830.70
5 153.87 155.00 154.44 1.13 1 0 3824.50
6 153.87 157.27 155.57 3.40 1 0 521.54
4 153.87 152.73 153.30 -1.14 1 0 659.47
11 156.13 152.73 154.43 -3.40 1 0 5005.00
9 155.00 156.13 155.57 1.13 1 0 469.85
16 158.40 155.00 156.70 -3.40 1 0 3123.45
1 151.60 155.00 153.30 3.40 1 0 386.12
9 155.00 156.13 155.57 1.13 1 0 778.26
4 153.87 152.73 153.30 -1.14 1 0 1159.83
6 153.87 157.27 155.57 3.40 1 0 417.52
2 152.73 153.87 153.30 1.14 1 0 281.98
12 156.13 155.00 155.57 -1.13 1 0 288.02
13 156.13 157.27 156.70 1.14 1 0 274.79
15 157.27 156.13 156.70 -1.14 1 0 351.55
14 157.27 153.87 155.57 -3.40 1 0 467.30
10 155.00 158.40 156.70 3.40 1 0 1217.45
3 152.73 156.13 154.43 3.40 1 0 1347.75
1 151.60 155.00 153.30 3.40 1 0 611.04
7 155.00 151.60 153.30 -3.40 1 0 397.93
5 153.87 155.00 154.44 1.13 1 0 420.54
16 158.40 155.00 156.70 -3.40 1 0 820.33
11 156.13 152.73 154.43 -3.40 1 0 408.72
8 155.00 153.87 154.44 -1.13 1 0 2380.01
15 157.27 156.13 156.70 -1.14 1 0 1282.66
1 151.60 155.00 153.30 3.40 1 0 1251.63
10 155.00 158.40 156.70 3.40 1 0 1606.74
13 156.13 157.27 156.70 1.14 1 0 958.29
4 153.87 152.73 153.30 -1.14 1 0 442.51
12 156.13 155.00 155.57 -1.13 1 0 894.02
6 153.87 157.27 155.57 3.40 1 0 4972.82
5 153.87 155.00 154.44 1.13 1 0 1611.77
7 155.00 151.60 153.30 -3.40 1 0 1220.51
14 157.27 153.87 155.57 -3.40 1 0 468.13
16 158.40 155.00 156.70 -3.40 1 0 5617.48
11 156.13 152.73 154.43 -3.40 1 0 2608.01
8 155.00 153.87 154.44 -1.13 1 0 1498.19
3 152.73 156.13 154.43 3.40 1 0 655.04
2 152.73 153.87 153.30 1.14 1 0 3801.63
9 155.00 156.13 155.57 1.13 1 0 4375.52
9 155.00 156.13 155.57 1.13 1 0 1047.90
2 152.73 153.87 153.30 1.14 1 0 923.77
15 157.27 156.13 156.70 -1.14 1 0 1248.36
14 157.27 153.87 155.57 -3.40 1 0 1237.61
8 155.00 153.87 154.44 -1.13 1 0 923.22
13 156.13 157.27 156.70 1.14 1 0 839.56
3 152.73 156.13 154.43 3.40 1 0 4145.78
10 155.00 158.40 156.70 3.40 1 0 1779.76
5 153.87 155.00 154.44 1.13 1 0 2683.74
4 153.87 152.73 153.30 -1.14 1 0 53.29
6 153.87 157.27 155.57 3.40 1 0 2198.63
16 158.40 155.00 156.70 -3.40 1 0 1115.65
12 156.13 155.00 155.57 -1.13 1 0 3343.44
7 155.00 151.60 153.30 -3.40 1 0 2005.76
11 156.13 152.73 154.43 -3.40 1 0 1084.18
1 151.60 155.00 153.30 3.40 1 0 1726.03
11 156.13 152.73 154.43 -3.40 1 0 2642.97
9 155.00 156.13 155.57 1.13 1 0 392.04
2 152.73 153.87 153.30 1.14 1 0 704.29
14 157.27 153.87 155.57 -3.40 1 0 2416.72
6 153.87 157.27 155.57 3.40 1 0 991.55
4 153.87 152.73 153.30 -1.14 1 0 346.83
3 152.73 156.13 154.43 3.40 1 0 320.09
5 153.87 155.00 154.44 1.13 1 0 402.83
8 155.00 153.87 154.44 -1.13 1 0 713.33
12 156.13 155.00 155.57 -1.13 1 0 1009.34
10 155.00 158.40 156.70 3.40 1 0 566.12
13 156.13 157.27 156.70 1.14 1 0 563.13
16 158.40 155.00 156.70 -3.40 1 0 385.90
7 155.00 151.60 153.30 -3.40 1 0 903.24
15 157.27 156.13 156.70 -1.14 1 0 662.94
1 151.60 155.00 153.30 3.40 1 0 588.67
13 156.13 157.27 156.70 1.14 1 0 539.20
10 155.00 158.40 156.70 3.40 1 0 2873.15
9 155.00 156.13 155.57 1.13 1 0 924.10
11 156.13 152.73 154.43 -3.40 1 0 1162.04
12 156.13 155.00 155.57 -1.13 1 0 1029.67
2 152.73 153.87 153.30 1.14 1 0 3866.81
14 157.27 153.87 155.57 -3.40 1 0 587.64
1 151.60 155.00 153.30 3.40 1 0 4723.08
5 153.87 155.00 154.44 1.13 1 0 3074.88
4 153.87 152.73 153.30 -1.14 1 0 1569.57
15 157.27 156.13 156.70 -1.14 1 0 6515.69
8 155.00 153.87 154.44 -1.13 1 0 851.29
6 153.87 157.27 155.57 3.40 1 0 1940.11
3 152.73 156.13 154.43 3.40 1 0 2939.23
16 158.40 155.00 156.70 -3.40 1 0 866.41
7 155.00 151.60 153.30 -3.40 1 0 620.50
5 153.87 155.00 154.44 1.13 1 0 786.20
12 156.13 155.00 155.57 -1.13 1 0 38.44
14 157.27 153.87 155.57 -3.40 1 0 864.16
7 155.00 151.60 153.30 -3.40 1 0 1351.12
15 157.27 156.13 156.70 -1.14 1 0 2423.35
9 155.00 156.13 155.57 1.13 1 0 4640.08
2 152.73 153.87 153.30 1.14 1 0 2144.81
10 155.00 158.40 156.70 3.40 1 0 3943.98
4 153.87 152.73 153.30 -1.14 1 0 946.24
11 156.13 152.73 154.43 -3.40 1 0 3703.66
13 156.13 157.27 156.70 1.14 1 0 1094.68
3 152.73 156.13 154.43 3.40 1 0 1339.42
8 155.00 153.87 154.44 -1.13 1 0 1128.25
16 158.40 155.00 156.70 -3.40 1 0 3505.20
6 153.87 157.27 155.57 3.40 1 0 1448.56
1 151.60 155.00 153.30 3.40 1 0 605.51
5 153.87 155.00 154.44 1.13 1 0 757.21
9 155.00 156.13 155.57 1.13 1 0 1037.59
14 157.27 153.87 155.57 -3.40 1 0 4308.74
2 152.73 153.87 153.30 1.14 1 0 649.54
15 157.27 156.13 156.70 -1.14 1 0 416.23
3 152.73 156.13 154.43 3.40 1 0 856.69
13 156.13 157.27 156.70 1.14 1 0 752.03
7 155.00 151.60 153.30 -3.40 1 0 2270.50
4 153.87 152.73 153.30 -1.14 1 0 524.85
10 155.00 158.40 156.70 3.40 1 0 719.28
16 158.40 155.00 156.70 -3.40 1 0 822.28
8 155.00 153.87 154.44 -1.13 1 0 556.43
11 156.13 152.73 154.43 -3.40 1 0 2168.11
6 153.87 157.27 155.57 3.40 1 0 1166.08
12 156.13 155.00 155.57 -1.13 1 0 1660.46
1 151.60 155.00 153.30 3.40 1 0 866.25
