11 156.13 152.73 154.43 -3.40 1 0 3828.63
7 155.00 151.60 153.30 -3.40 1 0 1899.55
8 155.00 153.87 154.44 -1.13 1 0 2526.09
15 157.27 156.13 156.70 -1.14 0 1 2055.92
1 151.60 155.00 153.30 3.40 1 0 1174.21
3 152.73 156.13 154.43 3.40 0 1 1939.08
9 155.00 156.13 155.57 1.13 1 0 2112.87
2 152.73 153.87 153.30 1.14 1 0 1768.22
14 157.27 153.87 155.57 -3.40 1 0 1598.89
5 153.87 155.00 154.44 1.13 0 1 5608.55
16 158.40 155.00 156.70 -3.40 1 0 3543.75
10 155.00 158.40 156.70 3.40 1 0 1743.19
13 156.13 157.27 156.70 1.14 1 0 6139.73
4 153.87 152.73 153.30 -1.14 1 0 4717.64
12 156.13 155.00 155.57 -1.13 1 0 1655.21
6 153.87 157.27 155.57 3.40 1 0 2149.61
7 155.00 151.60 153.30 -3.40 1 0 3449.11
9 155.00 156.13 155.57 1.13 1 0 2100.26
14 157.27 153.87 155.57 -3.40 0 1 2243.85
13 156.13 157.27 156.70 1.14 1 0 1266.94
2 152.73 153.87 153.30 1.14 1 0 2509.55
5 153.87 155.00 154.44 1.13 1 0 1355.94
10 155.00 158.40 156.70 3.40 0 1 2636.47
8 155.00 153.87 154.44 -1.13 1 0 1103.69
15 157.27 156.13 156.70 -1.14 1 0 2600.80
12 156.13 155.00 155.57 -1.13 1 0 1725.23
6 153.87 157.27 155.57 3.40 1 0 3716.69
1 151.60 155.00 153.30 3.40 1 0 2732.15
4 153.87 152.73 153.30 -1.14 1 0 3180.59
3 152.73 156.13 154.43 3.40 1 0 4806.88
11 156.13 152.73 154.43 -3.40 0 1 1768.58
16 158.40 155.00 156.70 -3.40 1 0 2345.26
4 153.87 152.73 153.30 -1.14 0 1 1538.58
12 156.13 155.00 155.57 -1.13 1 0 999.50
10 155.00 158.40 156.70 3.40 1 0 1382.43
7 155.00 151.60 153.30 -3.40 0 1 1277.47
9 155.00 156.13 155.57 1.13 1 0 1531.87
8 155.00 153.87 154.44 -1.13 1 0 1422.05
11 156.13 152.73 154.43 -3.40 0 1 1559.52
6 153.87 157.27 155.57 3.40 1 0 2815.80
2 152.73 153.87 153.30 1.14 0 1 2184.12
13 156.13 157.27 156.70 1.14 1 0 2093.64
3 152.73 156.13 154.43 3.40 0 1 2891.71
15 157.27 156.13 156.70 -1.14 1 0 986.40
14 157.27 153.87 155.57 -3.40 0 1 984.76
16 158.40 155.00 156.70 -3.40 1 0 1705.12
1 151.60 155.00 153.30 3.40 0 1 2627.89
5 153.87 155.00 154.44 1.13 1 0 2477.49
14 157.27 153.87 155.57 -3.40 1 0 1580.17
13 156.13 157.27 156.70 1.14 1 0 2389.70
10 155.00 158.40 156.70 3.40 1 0 2033.90
1 151.60 155.00 153.30 3.40 0 1 2444.45
7 155.00 151.60 153.30 -3.40 0 1 1721.00
15 157.27 156.13 156.70 -1.14 1 0 3363.44
11 156.13 152.73 154.43 -3.40 0 1 2196.17
5 153.87 155.00 154.44 1.13 1 0 2920.73
16 158.40 155.00 156.70 -3.40 0 1 903.83
6 153.87 157.27 155.57 3.40 1 0 1074.66
2 152.73 153.87 153.30 1.14 0 1 766.76
9 155.00 156.13 155.57 1.13 1 0 878.53
12 156.13 155.00 155.57 -1.13 0 1 903.49
3 152.73 156.13 154.43 3.40 0 1 1038.76
8 155.00 153.87 154.44 -1.13 1 0 755.61
4 153.87 152.73 153.30 -1.14 0 1 869.09
9 155.00 156.13 155.57 1.13 1 0 2629.17
10 155.00 158.40 156.70 3.40 1 0 1121.03
15 157.27 156.13 156.70 -1.14 1 0 646.24
11 156.13 152.73 154.43 -3.40 0 1 947.28
7 155.00 151.60 153.30 -3.40 0 1 714.27
12 156.13 155.00 155.57 -1.13 0 1 927.27
13 156.13 157.27 156.70 1.14 1 0 1778.17
2 152.73 153.87 153.30 1.14 0 1 1881.98
3 152.73 156.13 154.43 3.40 1 0 2025.96
5 153.87 155.00 154.44 1.13 1 0 2062.45
14 157.27 153.87 155.57 -3.40 0 1 1524.27
16 158.40 155.00 156.70 -3.40 1 0 1892.21
8 155.00 153.87 154.44 -1.13 0 1 643.53
4 153.87 152.73 153.30 -1.14 0 1 728.83
6 153.87 157.27 155.57 3.40 1 0 1100.70
1 151.60 155.00 153.30 3.40 1 0 1311.26
2 152.73 153.87 153.30 1.14 0 1 1488.49
3 152.73 156.13 154.43 3.40 1 0 2312.65
14 157.27 153.87 155.57 -3.40 0 1 1149.21
8 155.00 153.87 154.44 -1.13 0 1 2176.13
9 155.00 156.13 155.57 1.13 1 0 1512.95
5 153.87 155.00 154.44 1.13 0 1 1306.11
10 155.00 158.40 156.70 3.40 1 0 1945.75
7 155.00 151.60 153.30 -3.40 0 1 1317.21
11 156.13 152.73 154.43 -3.40 0 1 1209.05
15 157.27 156.13 156.70 -1.14 1 0 1365.50
4 153.87 152.73 153.30 -1.14 0 1 1164.44
1 151.60 155.00 153.30 3.40 1 0 2121.98
12 156.13 155.00 155.57 -1.13 0 1 1230.92
16 158.40 155.00 156.70 -3.40 1 0 1426.61
6 153.87 157.27 155.57 3.40 1 0 1668.01
13 156.13 157.27 156.70 1.14 1 0 1003.79
6 153.87 157.27 155.57 3.40 1 0 1678.69
7 155.00 151.60 153.30 -3.40 0 1 829.66
14 157.27 153.87 155.57 -3.40 0 1 1154.72
12 156.13 155.00 155.57 -1.13 0 1 890.38
5 153.87 155.00 154.44 1.13 1 0 1563.00
1 151.60 155.00 153.30 3.40 1 0 1657.81
8 155.00 153.87 154.44 -1.13 0 1 1336.70
15 157.27 156.13 156.70 -1.14 1 0 2023.28
9 155.00 156.13 155.57 1.13 1 0 671.69
16 158.40 155.00 156.70 -3.40 1 0 661.11
4 153.87 152.73 153.30 -1.14 1 0 611.60
11 156.13 152.73 154.43 -3.40 1 0 516.47
10 155.00 158.40 156.70 3.40 1 0 583.87
2 152.73 153.87 153.30 1.14 0 1 924.78
3 152.73 156.13 154.43 3.40 1 0 2181.35
13 156.13 157.27 156.70 1.14 1 0 748.37
13 156.13 157.27 156.70 1.14 1 0 734.25
6 153.87 157.27 155.57 3.40 1 0 1540.13
2 152.73 153.87 153.30 1.14 0 1 670.18
12 156.13 155.00 155.57 -1.13 0 1 569.66
16 158.40 155.00 156.70 -3.40 0 1 1568.69
3 152.73 156.13 154.43 3.40 1 0 1998.21
15 157.27 156.13 156.70 -1.14 1 0 669.70
8 155.00 153.87 154.44 -1.13 0 1 1496.94
14 157.27 153.87 155.57 -3.40 0 1 1158.68
4 153.87 152.73 153.30 -1.14 0 1 1602.84
5 153.87 155.00 154.44 1.13 1 0 1710.77
10 155.00 158.40 156.70 3.40 1 0 1455.66
9 155.00 156.13 155.57 1.13 1 0 817.74
1 151.60 155.00 153.30 3.40 1 0 1214.62
11 156.13 152.73 154.43 -3.40 0 1 1432.14
7 155.00 151.60 153.30 -3.40 0 1 927.33
7 155.00 151.60 153.30 -3.40 0 1 1624.97
13 156.13 157.27 156.70 1.14 1 0 2679.44
8 155.00 153.87 154.44 -1.13 0 1 799.52
15 157.27 156.13 156.70 -1.14 1 0 1357.78
12 156.13 155.00 155.57 -1.13 0 1 1119.97
9 155.00 156.13 155.57 1.13 1 0 1624.50
14 157.27 153.87 155.57 -3.40 0 1 1067.63
16 158.40 155.00 156.70 -3.40 1 0 1934.57
4 153.87 152.73 153.30 -1.14 0 1 998.91
6 153.87 157.27 155.57 3.40 1 0 2263.97
3 152.73 156.13 154.43 3.40 1 0 1070.67
10 155.00 158.40 156.70 3.40 1 0 1109.06
11 156.13 152.73 154.43 -3.40 0 1 792.56
5 153.87 155.00 154.44 1.13 0 1 1191.52
1 151.60 155.00 153.30 3.40 1 0 1195.71
2 152.73 153.87 153.30 1.14 0 1 1100.67
6 153.87 157.27 155.57 3.40 1 0 958.01
5 153.87 155.00 154.44 1.13 1 0 1099.54
4 153.87 152.73 153.30 -1.14 0 1 853.11
13 156.13 157.27 156.70 1.14 1 0 2195.75
7 155.00 151.60 153.30 -3.40 0 1 1052.41
2 152.73 153.87 153.30 1.14 0 1 2251.34
3 152.73 156.13 154.43 3.40 1 0 1796.35
15 157.27 156.13 156.70 -1.14 1 0 4800.85
11 156.13 152.73 154.43 -3.40 0 1 982.71
9 155.00 156.13 155.57 1.13 0 1 1680.54
12 156.13 155.00 155.57 -1.13 1 0 821.65
14 157.27 153.87 155.57 -3.40 0 1 1308.66
8 155.00 153.87 154.44 -1.13 0 1 947.52
16 158.40 155.00 156.70 -3.40 1 0 846.51
10 155.00 158.40 156.70 3.40 1 0 2104.43
1 151.60 155.00 153.30 3.40 0 1 775.91
7 155.00 151.60 153.30 -3.40 1 0 492.54
15 157.27 156.13 156.70 -1.14 0 1 1278.36
6 153.87 157.27 155.57 3.40 1 0 1083.23
10 155.00 158.40 156.70 3.40 1 0 793.15
5 153.87 155.00 154.44 1.13 1 0 1025.37
3 152.73 156.13 154.43 3.40 1 0 922.10
13 156.13 157.27 156.70 1.14 1 0 651.37
16 158.40 155.00 156.70 -3.40 0 1 940.76
14 157.27 153.87 155.57 -3.40 1 0 1329.63
2 152.73 153.87 153.30 1.14 0 1 1496.60
9 155.00 156.13 155.57 1.13 1 0 1317.30
12 156.13 155.00 155.57 -1.13 0 1 929.65
4 153.87 152.73 153.30 -1.14 0 1 781.33
8 155.00 153.87 154.44 -1.13 0 1 899.14
11 156.13 152.73 154.43 -3.40 0 1 707.52
1 151.60 155.00 153.30 3.40 0 1 1202.15
13 156.13 157.27 156.70 1.14 1 0 957.13
10 155.00 158.40 156.70 3.40 1 0 713.31
8 155.00 153.87 154.44 -1.13 0 1 926.93
5 153.87 155.00 154.44 1.13 0 1 1171.08
4 153.87 152.73 153.30 -1.14 0 1 1497.84
2 152.73 153.87 153.30 1.14 1 0 2524.47
12 156.13 155.00 155.57 -1.13 1 0 1939.15
14 157.27 153.87 155.57 -3.40 1 0 892.85
16 158.40 155.00 156.70 -3.40 1 0 1543.27
11 156.13 152.73 154.43 -3.40 0 1 4030.01
6 153.87 157.27 155.57 3.40 1 0 2150.71
9 155.00 156.13 155.57 1.13 1 0 2257.93
15 157.27 156.13 156.70 -1.14 1 0 570.87
7 155.00 151.60 153.30 -3.40 0 1 704.00
3 152.73 156.13 154.43 3.40 0 1 2065.33
1 151.60 155.00 153.30 3.40 0 1 1278.29
14 157.27 153.87 155.57 -3.40 0 1 2219.34
7 155.00 151.60 153.30 -3.40 0 1 1662.70
6 153.87 157.27 155.57 3.40 1 0 1387.68
15 157.27 156.13 156.70 -1.14 1 0 1246.93
8 155.00 153.87 154.44 -1.13 0 1 641.27
5 153.87 155.00 154.44 1.13 1 0 1183.24
2 152.73 153.87 153.30 1.14 0 1 662.23
10 155.00 158.40 156.70 3.40 1 0 869.73
3 152.73 156.13 154.43 3.40 1 0 1613.70
12 156.13 155.00 155.57 -1.13 0 1 996.76
4 153.87 152.73 153.30 -1.14 0 1 895.49
13 156.13 157.27 156.70 1.14 1 0 1052.81
11 156.13 152.73 154.43 -3.40 0 1 1478.45
9 155.00 156.13 155.57 1.13 1 0 1371.49
16 158.40 155.00 156.70 -3.40 0 1 1093.32
1 151.60 155.00 153.30 3.40 0 1 2204.26
6 153.87 157.27 155.57 3.40 1 0 1579.79
9 155.00 156.13 155.57 1.13 1 0 788.47
10 155.00 158.40 156.70 3.40 1 0 913.70
3 152.73 156.13 154.43 3.40 1 0 974.30
15 157.27 156.13 156.70 -1.14 1 0 1008.90
11 156.13 152.73 154.43 -3.40 0 1 927.25
12 156.13 155.00 155.57 -1.13 0 1 1038.75
14 157.27 153.87 155.57 -3.40 0 1 831.16
7 155.00 151.60 153.30 -3.40 0 1 632.16
13 156.13 157.27 156.70 1.14 1 0 1024.30
4 153.87 152.73 153.30 -1.14 0 1 798.96
16 158.40 155.00 156.70 -3.40 1 0 595.16
2 152.73 153.87 153.30 1.14 0 1 736.45
5 153.87 155.00 154.44 1.13 0 1 872.60
1 151.60 155.00 153.30 3.40 1 0 918.10
8 155.00 153.87 154.44 -1.13 0 1 873.72
5 153.87 155.00 154.44 1.13 1 0 1717.48
14 157.27 153.87 155.57 -3.40 1 0 847.25
9 155.00 156.13 155.57 1.13 0 1 1892.18
15 157.27 156.13 156.70 -1.14 1 0 1054.51
16 158.40 155.00 156.70 -3.40 1 0 995.11
10 155.00 158.40 156.70 3.40 1 0 928.75
3 152.73 156.13 154.43 3.40 1 0 1478.11
7 155.00 151.60 153.30 -3.40 1 0 2125.65
2 152.73 153.87 153.30 1.14 0 1 1051.72
11 156.13 152.73 154.43 -3.40 0 1 1047.10
12 156.13 155.00 155.57 -1.13 0 1 1051.37
4 153.87 152.73 153.30 -1.14 0 1 839.04
6 153.87 157.27 155.57 3.40 1 0 948.88
8 155.00 153.87 154.44 -1.13 0 1 1167.71
13 156.13 157.27 156.70 1.14 1 0 1670.04
1 151.60 155.00 153.30 3.40 0 1 1098.52
13 156.13 157.27 156.70 1.14 1 0 971.57
4 153.87 152.73 153.30 -1.14 0 1 799.83
3 152.73 156.13 154.43 3.40 1 0 1511.61
11 156.13 152.73 154.43 -3.40 0 1 1402.46
5 153.87 155.00 154.44 1.13 0 1 2746.05
9 155.00 156.13 155.57 1.13 1 0 774.65
15 157.27 156.13 156.70 -1.14 1 0 1122.99
2 152.73 153.87 153.30 1.14 0 1 1015.94
8 155.00 153.87 154.44 -1.13 0 1 924.47
10 155.00 158.40 156.70 3.40 1 0 1179.72
6 153.87 157.27 155.57 3.40 1 0 808.41
1 151.60 155.00 153.30 3.40 1 0 1439.19
12 156.13 155.00 155.57 -1.13 0 1 1078.76
14 157.27 153.87 155.57 -3.40 0 1 1068.08
16 158.40 155.00 156.70 -3.40 0 1 1177.76
7 155.00 151.60 153.30 -3.40 0 1 714.42
7 155.00 151.60 153.30 -3.40 0 1 628.86
5 153.87 155.00 154.44 1.13 0 1 1209.12
14 157.27 153.87 155.57 -3.40 0 1 959.93
12 156.13 155.00 155.57 -1.13 0 1 707.36
8 155.00 153.87 154.44 -1.13 0 1 663.31
15 157.27 156.13 156.70 -1.14 1 0 676.01
4 153.87 152.73 153.30 -1.14 0 1 585.77
11 156.13 152.73 154.43 -3.40 1 0 615.89
13 156.13 157.27 156.70 1.14 0 1 577.94
3 152.73 156.13 154.43 3.40 1 0 921.93
2 152.73 153.87 153.30 1.14 0 1 1516.21
6 153.87 157.27 155.57 3.40 1 0 1619.74
1 151.60 155.00 153.30 3.40 0 1 1420.53
9 155.00 156.13 155.57 1.13 1 0 1533.78
16 158.40 155.00 156.70 -3.40 1 0 1216.86
10 155.00 158.40 156.70 3.40 1 0 1652.59
15 157.27 156.13 156.70 -1.14 1 0 1247.30
8 155.00 153.87 154.44 -1.13 1 0 2191.57
13 156.13 157.27 156.70 1.14 0 1 1041.21
12 156.13 155.00 155.57 -1.13 1 0 1189.15
2 152.73 153.87 153.30 1.14 1 0 2436.11
11 156.13 152.73 154.43 -3.40 1 0 2206.67
1 151.60 155.00 153.30 3.40 0 1 1432.33
9 155.00 156.13 155.57 1.13 1 0 1261.60
3 152.73 156.13 154.43 3.40 1 0 1401.27
4 153.87 152.73 153.30 -1.14 1 0 671.62
14 157.27 153.87 155.57 -3.40 1 0 1255.45
7 155.00 151.60 153.30 -3.40 1 0 758.28
16 158.40 155.00 156.70 -3.40 1 0 1067.50
6 153.87 157.27 155.57 3.40 1 0 1747.06
10 155.00 158.40 156.70 3.40 1 0 1277.92
5 153.87 155.00 154.44 1.13 1 0 1786.97
