14 157.27 153.87 155.57 -3.40 1 0 3005.59
7 155.00 151.60 153.30 -3.40 0 1 3825.45
10 155.00 158.40 156.70 3.40 1 0 3280.78
15 157.27 156.13 156.70 -1.14 1 0 924.01
11 156.13 152.73 154.43 -3.40 1 0 757.73
4 153.87 152.73 153.30 -1.14 0 1 605.53
2 152.73 153.87 153.30 1.14 1 0 546.23
13 156.13 157.27 156.70 1.14 1 0 538.38
8 155.00 153.87 154.44 -1.13 1 0 721.78
12 156.13 155.00 155.57 -1.13 1 0 537.57
16 158.40 155.00 156.70 -3.40 1 0 488.99
5 153.87 155.00 154.44 1.13 1 0 790.61
9 155.00 156.13 155.57 1.13 1 0 1000.52
3 152.73 156.13 154.43 3.40 0 1 642.61
6 153.87 157.27 155.57 3.40 1 0 603.72
1 151.60 155.00 153.30 3.40 0 1 1225.53
11 156.13 152.73 154.43 -3.40 1 0 709.60
8 155.00 153.87 154.44 -1.13 1 0 598.91
3 152.73 156.13 154.43 3.40 0 1 725.70
13 156.13 157.27 156.70 1.14 1 0 430.48
6 153.87 157.27 155.57 3.40 1 0 664.92
5 153.87 155.00 154.44 1.13 0 1 712.54
7 155.00 151.60 153.30 -3.40 0 1 1044.67
9 155.00 156.13 155.57 1.13 1 0 1156.29
15 157.27 156.13 156.70 -1.14 1 0 536.12
12 156.13 155.00 155.57 -1.13 1 0 862.13
2 152.73 153.87 153.30 1.14 0 1 811.72
1 151.60 155.00 153.30 3.40 0 1 758.11
10 155.00 158.40 156.70 3.40 1 0 824.85
14 157.27 153.87 155.57 -3.40 1 0 711.09
16 158.40 155.00 156.70 -3.40 1 0 566.46
4 153.87 152.73 153.30 -1.14 1 0 784.16
5 153.87 155.00 154.44 1.13 0 1 535.12
14 157.27 153.87 155.57 -3.40 1 0 479.70
10 155.00 158.40 156.70 3.40 1 0 817.49
9 155.00 156.13 155.57 1.13 1 0 454.48
13 156.13 157.27 156.70 1.14 1 0 761.37
4 153.87 152.73 153.30 -1.14 1 0 617.40
8 155.00 153.87 154.44 -1.13 1 0 680.87
7 155.00 151.60 153.30 -3.40 1 0 860.86
15 157.27 156.13 156.70 -1.14 1 0 1084.29
11 156.13 152.73 154.43 -3.40 1 0 1569.12
12 156.13 155.00 155.57 -1.13 1 0 666.17
6 153.87 157.27 155.57 3.40 1 0 912.04
3 152.73 156.13 154.43 3.40 0 1 636.44
2 152.73 153.87 153.30 1.14 0 1 587.80
1 151.60 155.00 153.30 3.40 0 1 634.74
16 158.40 155.00 156.70 -3.40 1 0 618.37
9 155.00 156.13 155.57 1.13 1 0 597.75
5 153.87 155.00 154.44 1.13 0 1 582.53
3 152.73 156.13 154.43 3.40 0 1 571.78
10 155.00 158.40 156.70 3.40 0 1 1019.79
12 156.13 155.00 155.57 -1.13 1 0 1381.38
2 152.73 153.87 153.30 1.14 0 1 547.19
11 156.13 152.73 154.43 -3.40 0 1 522.84
4 153.87 152.73 153.30 -1.14 0 1 569.49
15 157.27 156.13 156.70 -1.14 1 0 1130.76
8 155.00 153.87 154.44 -1.13 1 0 888.65
14 157.27 153.87 155.57 -3.40 1 0 680.32
7 155.00 151.60 153.30 -3.40 1 0 1209.05
6 153.87 157.27 155.57 3.40 0 1 916.42
13 156.13 157.27 156.70 1.14 1 0 669.30
1 151.60 155.00 153.30 3.40 0 1 744.57
16 158.40 155.00 156.70 -3.40 1 0 950.67
2 152.73 153.87 153.30 1.14 0 1 669.04
8 155.00 153.87 154.44 -1.13 0 1 620.75
10 155.00 158.40 156.70 3.40 0 1 771.99
11 156.13 152.73 154.43 -3.40 0 1 701.10
12 156.13 155.00 155.57 -1.13 1 0 939.81
7 155.00 151.60 153.30 -3.40 1 0 1110.22
3 152.73 156.13 154.43 3.40 0 1 680.52
16 158.40 155.00 156.70 -3.40 1 0 649.24
5 153.87 155.00 154.44 1.13 0 1 769.44
15 157.27 156.13 156.70 -1.14 0 1 812.61
4 153.87 152.73 153.30 -1.14 0 1 611.56
6 153.87 157.27 155.57 3.40 0 1 668.87
1 151.60 155.00 153.30 3.40 0 1 536.20
13 156.13 157.27 156.70 1.14 0 1 1272.07
14 157.27 153.87 155.57 -3.40 1 0 760.52
9 155.00 156.13 155.57 1.13 1 0 602.71
5 153.87 155.00 154.44 1.13 0 1 690.50
12 156.13 155.00 155.57 -1.13 1 0 685.18
15 157.27 156.13 156.70 -1.14 1 0 567.26
10 155.00 158.40 156.70 3.40 1 0 977.54
4 153.87 152.73 153.30 -1.14 0 1 628.18
2 152.73 153.87 153.30 1.14 0 1 903.54
14 157.27 153.87 155.57 -3.40 1 0 940.23
11 156.13 152.73 154.43 -3.40 1 0 1263.41
13 156.13 157.27 156.70 1.14 1 0 538.80
7 155.00 151.60 153.30 -3.40 1 0 709.62
16 158.40 155.00 156.70 -3.40 1 0 485.15
6 153.87 157.27 155.57 3.40 1 0 682.70
9 155.00 156.13 155.57 1.13 1 0 698.81
8 155.00 153.87 154.44 -1.13 1 0 699.85
3 152.73 156.13 154.43 3.40 0 1 695.58
1 151.60 155.00 153.30 3.40 0 1 550.91
2 152.73 153.87 153.30 1.14 0 1 628.49
13 156.13 157.27 156.70 1.14 0 1 652.13
8 155.00 153.87 154.44 -1.13 0 1 670.70
7 155.00 151.60 153.30 -3.40 0 1 633.12
6 153.87 157.27 155.57 3.40 0 1 648.71
9 155.00 156.13 155.57 1.13 0 1 730.22
12 156.13 155.00 155.57 -1.13 0 1 783.97
14 157.27 153.87 155.57 -3.40 1 0 656.70
11 156.13 152.73 154.43 -3.40 0 1 734.05
16 158.40 155.00 156.70 -3.40 1 0 678.74
10 155.00 158.40 156.70 3.40 1 0 905.64
5 153.87 155.00 154.44 1.13 1 0 893.73
4 153.87 152.73 153.30 -1.14 0 1 593.90
15 157.27 156.13 156.70 -1.14 1 0 758.57
3 152.73 156.13 154.43 3.40 0 1 701.73
1 151.60 155.00 153.30 3.40 0 1 549.46
13 156.13 157.27 156.70 1.14 1 0 969.36
3 152.73 156.13 154.43 3.40 0 1 598.86
8 155.00 153.87 154.44 -1.13 0 1 596.37
5 153.87 155.00 154.44 1.13 1 0 1053.90
7 155.00 151.60 153.30 -3.40 0 1 719.23
11 156.13 152.73 154.43 -3.40 1 0 912.99
4 153.87 152.73 153.30 -1.14 1 0 834.20
6 153.87 157.27 155.57 3.40 1 0 605.14
14 157.27 153.87 155.57 -3.40 1 0 757.11
16 158.40 155.00 156.70 -3.40 1 0 526.04
10 155.00 158.40 156.70 3.40 1 0 983.48
15 157.27 156.13 156.70 -1.14 1 0 591.84
12 156.13 155.00 155.57 -1.13 1 0 577.44
9 155.00 156.13 155.57 1.13 1 0 644.69
2 152.73 153.87 153.30 1.14 0 1 1024.94
1 151.60 155.00 153.30 3.40 0 1 922.08
15 157.27 156.13 156.70 -1.14 1 0 653.88
11 156.13 152.73 154.43 -3.40 1 0 733.85
1 151.60 155.00 153.30 3.40 0 1 1219.20
4 153.87 152.73 153.30 -1.14 1 0 658.51
8 155.00 153.87 154.44 -1.13 1 0 565.31
3 152.73 156.13 154.43 3.40 0 1 738.02
12 156.13 155.00 155.57 -1.13 1 0 1428.62
6 153.87 157.27 155.57 3.40 1 0 775.39
13 156.13 157.27 156.70 1.14 1 0 755.05
2 152.73 153.87 153.30 1.14 0 1 742.78
10 155.00 158.40 156.70 3.40 1 0 675.26
5 153.87 155.00 154.44 1.13 0 1 719.79
14 157.27 153.87 155.57 -3.40 1 0 591.81
9 155.00 156.13 155.57 1.13 1 0 605.51
7 155.00 151.60 153.30 -3.40 1 0 688.03
16 158.40 155.00 156.70 -3.40 1 0 502.39
16 158.40 155.00 156.70 -3.40 1 0 528.50
3 152.73 156.13 154.43 3.40 0 1 725.90
4 153.87 152.73 153.30 -1.14 1 0 1285.67
1 151.60 155.00 153.30 3.40 0 1 775.67
10 155.00 158.40 156.70 3.40 1 0 705.90
7 155.00 151.60 153.30 -3.40 0 1 889.06
14 157.27 153.87 155.57 -3.40 0 1 694.85
9 155.00 156.13 155.57 1.13 1 0 830.82
8 155.00 153.87 154.44 -1.13 0 1 552.99
15 157.27 156.13 156.70 -1.14 1 0 549.32
2 152.73 153.87 153.30 1.14 0 1 645.62
11 156.13 152.73 154.43 -3.40 1 0 770.50
5 153.87 155.00 154.44 1.13 0 1 942.54
12 156.13 155.00 155.57 -1.13 1 0 717.22
6 153.87 157.27 155.57 3.40 1 0 580.38
13 156.13 157.27 156.70 1.14 1 0 570.68
10 155.00 158.40 156.70 3.40 1 0 467.13
12 156.13 155.00 155.57 -1.13 1 0 554.40
13 156.13 157.27 156.70 1.14 1 0 477.52
2 152.73 153.87 153.30 1.14 0 1 876.10
15 157.27 156.13 156.70 -1.14 1 0 555.48
8 155.00 153.87 154.44 -1.13 1 0 713.10
3 152.73 156.13 154.43 3.40 1 0 862.28
14 157.27 153.87 155.57 -3.40 1 0 475.15
7 155.00 151.60 153.30 -3.40 1 0 848.42
5 153.87 155.00 154.44 1.13 1 0 453.49
6 153.87 157.27 155.57 3.40 1 0 607.86
4 153.87 152.73 153.30 -1.14 1 0 465.63
11 156.13 152.73 154.43 -3.40 1 0 594.39
9 155.00 156.13 155.57 1.13 1 0 492.68
16 158.40 155.00 156.70 -3.40 1 0 637.71
1 151.60 155.00 153.30 3.40 1 0 550.62
9 155.00 156.13 155.57 1.13 1 0 746.73
4 153.87 152.73 153.30 -1.14 0 1 922.44
6 153.87 157.27 155.57 3.40 1 0 613.25
2 152.73 153.87 153.30 1.14 1 0 589.26
12 156.13 155.00 155.57 -1.13 1 0 578.52
13 156.13 157.27 156.70 1.14 1 0 563.78
15 157.27 156.13 156.70 -1.14 1 0 518.88
14 157.27 153.87 155.57 -3.40 1 0 907.38
10 155.00 158.40 156.70 3.40 1 0 572.75
3 152.73 156.13 154.43 3.40 1 0 758.66
1 151.60 155.00 153.30 3.40 0 1 709.90
7 155.00 151.60 153.30 -3.40 0 1 841.82
5 153.87 155.00 154.44 1.13 1 0 924.56
16 158.40 155.00 156.70 -3.40 1 0 797.19
11 156.13 152.73 154.43 -3.40 1 0 694.73
8 155.00 153.87 154.44 -1.13 1 0 603.17
15 157.27 156.13 156.70 -1.14 1 0 552.30
1 151.60 155.00 153.30 3.40 0 1 672.09
10 155.00 158.40 156.70 3.40 1 0 1426.62
13 156.13 157.27 156.70 1.14 1 0 1162.61
4 153.87 152.73 153.30 -1.14 0 1 1588.49
12 156.13 155.00 155.57 -1.13 1 0 987.18
6 153.87 157.27 155.57 3.40 1 0 669.08
5 153.87 155.00 154.44 1.13 1 0 616.81
7 155.00 151.60 153.30 -3.40 1 0 589.92
14 157.27 153.87 155.57 -3.40 1 0 556.41
16 158.40 155.00 156.70 -3.40 1 0 662.59
11 156.13 152.73 154.43 -3.40 1 0 479.11
8 155.00 153.87 154.44 -1.13 1 0 623.03
3 152.73 156.13 154.43 3.40 1 0 772.32
2 152.73 153.87 153.30 1.14 1 0 752.11
9 155.00 156.13 155.57 1.13 1 0 632.19
9 155.00 156.13 155.57 1.13 1 0 505.12
2 152.73 153.87 153.30 1.14 1 0 677.31
15 157.27 156.13 156.70 -1.14 1 0 531.75
14 157.27 153.87 155.57 -3.40 1 0 572.37
8 155.00 153.87 154.44 -1.13 1 0 529.38
13 156.13 157.27 156.70 1.14 1 0 531.24
3 152.73 156.13 154.43 3.40 0 1 956.28
10 155.00 158.40 156.70 3.40 1 0 881.21
5 153.87 155.00 154.44 1.13 1 0 1054.13
4 153.87 152.73 153.30 -1.14 0 1 617.52
6 153.87 157.27 155.57 3.40 0 1 932.45
16 158.40 155.00 156.70 -3.40 1 0 420.58
12 156.13 155.00 155.57 -1.13 1 0 597.35
7 155.00 151.60 153.30 -3.40 0 1 632.99
11 156.13 152.73 154.43 -3.40 1 0 893.99
1 151.60 155.00 153.30 3.40 0 1 487.82
11 156.13 152.73 154.43 -3.40 1 0 808.24
9 155.00 156.13 155.57 1.13 0 1 1040.65
2 152.73 153.87 153.30 1.14 0 1 621.64
14 157.27 153.87 155.57 -3.40 1 0 1165.82
6 153.87 157.27 155.57 3.40 0 1 707.76
4 153.87 152.73 153.30 -1.14 0 1 535.92
3 152.73 156.13 154.43 3.40 0 1 553.70
5 153.87 155.00 154.44 1.13 0 1 694.47
8 155.00 153.87 154.44 -1.13 0 1 887.46
12 156.13 155.00 155.57 -1.13 0 1 779.69
10 155.00 158.40 156.70 3.40 0 1 1080.36
13 156.13 157.27 156.70 1.14 0 1 795.93
16 158.40 155.00 156.70 -3.40 1 0 819.89
7 155.00 151.60 153.30 -3.40 0 1 784.33
15 157.27 156.13 156.70 -1.14 0 1 684.08
1 151.60 155.00 153.30 3.40 0 1 588.04
13 156.13 157.27 156.70 1.14 1 0 656.98
10 155.00 158.40 156.70 3.40 1 0 688.28
9 155.00 156.13 155.57 1.13 1 0 714.89
11 156.13 152.73 154.43 -3.40 1 0 615.20
12 156.13 155.00 155.57 -1.13 1 0 693.37
2 152.73 153.87 153.30 1.14 0 1 666.96
14 157.27 153.87 155.57 -3.40 1 0 498.51
1 151.60 155.00 153.30 3.40 0 1 521.40
5 153.87 155.00 154.44 1.13 1 0 544.41
4 153.87 152.73 153.30 -1.14 0 1 642.04
15 157.27 156.13 156.70 -1.14 1 0 604.24
8 155.00 153.87 154.44 -1.13 1 0 613.70
6 153.87 157.27 155.57 3.40 1 0 1091.73
3 152.73 156.13 154.43 3.40 1 0 568.09
16 158.40 155.00 156.70 -3.40 1 0 610.17
7 155.00 151.60 153.30 -3.40 1 0 881.56
5 153.87 155.00 154.44 1.13 1 0 600.10
12 156.13 155.00 155.57 -1.13 1 0 586.95
14 157.27 153.87 155.57 -3.40 1 0 431.97
7 155.00 151.60 153.30 -3.40 1 0 855.06
15 157.27 156.13 156.70 -1.14 1 0 507.73
9 155.00 156.13 155.57 1.13 1 0 571.97
2 152.73 153.87 153.30 1.14 1 0 434.63
10 155.00 158.40 156.70 3.40 1 0 434.80
4 153.87 152.73 153.30 -1.14 1 0 545.13
11 156.13 152.73 154.43 -3.40 1 0 514.60
13 156.13 157.27 156.70 1.14 1 0 519.47
3 152.73 156.13 154.43 3.40 1 0 587.55
8 155.00 153.87 154.44 -1.13 1 0 498.50
16 158.40 155.00 156.70 -3.40 1 0 617.67
6 153.87 157.27 155.57 3.40 1 0 544.25
1 151.60 155.00 153.30 3.40 0 1 1060.22
5 153.87 155.00 154.44 1.13 1 0 609.54
9 155.00 156.13 155.57 1.13 1 0 537.92
14 157.27 153.87 155.57 -3.40 1 0 474.35
2 152.73 153.87 153.30 1.14 0 1 626.48
15 157.27 156.13 156.70 -1.14 1 0 698.06
3 152.73 156.13 154.43 3.40 0 1 873.60
13 156.13 157.27 156.70 1.14 1 0 904.03
7 155.00 151.60 153.30 -3.40 1 0 853.27
4 153.87 152.73 153.30 -1.14 0 1 733.00
10 155.00 158.40 156.70 3.40 1 0 654.23
16 158.40 155.00 156.70 -3.40 1 0 840.39
8 155.00 153.87 154.44 -1.13 1 0 781.72
11 156.13 152.73 154.43 -3.40 1 0 985.98
6 153.87 157.27 155.57 3.40 1 0 460.52
12 156.13 155.00 155.57 -1.13 1 0 491.89
1 151.60 155.00 153.30 3.40 0 1 986.80
