13 156.13 157.27 156.70 1.14 1 0 1347.72
15 157.27 156.13 156.70 -1.14 1 0 872.40
3 152.73 156.13 154.43 3.40 1 0 726.52
10 155.00 158.40 156.70 3.40 1 0 1164.36
2 152.73 153.87 153.30 1.14 1 0 1016.34
5 153.87 155.00 154.44 1.13 1 0 1607.98
9 155.00 156.13 155.57 1.13 1 0 1358.71
16 158.40 155.00 156.70 -3.40 1 0 963.04
8 155.00 153.87 154.44 -1.13 1 0 744.69
7 155.00 151.60 153.30 -3.40 1 0 1282.00
11 156.13 152.73 154.43 -3.40 1 0 874.81
14 157.27 153.87 155.57 -3.40 1 0 845.89
12 156.13 155.00 155.57 -1.13 1 0 706.94
4 153.87 152.73 153.30 -1.14 1 0 615.39
1 151.60 155.00 153.30 3.40 1 0 930.44
6 153.87 157.27 155.57 3.40 1 0 832.63
15 157.27 156.13 156.70 -1.14 1 0 972.55
2 152.73 153.87 153.30 1.14 1 0 945.91
8 155.00 153.87 154.44 -1.13 1 0 789.96
7 155.00 151.60 153.30 -3.40 1 0 1011.36
12 156.13 155.00 155.57 -1.13 1 0 838.80
13 156.13 157.27 156.70 1.14 1 0 881.63
4 153.87 152.73 153.30 -1.14 1 0 1054.24
11 156.13 152.73 154.43 -3.40 1 0 1335.61
5 153.87 155.00 154.44 1.13 1 0 906.58
3 152.73 156.13 154.43 3.40 1 0 1032.41
6 153.87 157.27 155.57 3.40 1 0 775.66
10 155.00 158.40 156.70 3.40 1 0 710.71
9 155.00 156.13 155.57 1.13 1 0 1064.55
14 157.27 153.87 155.57 -3.40 1 0 761.32
1 151.60 155.00 153.30 3.40 1 0 810.23
16 158.40 155.00 156.70 -3.40 1 0 1079.77
2 152.73 153.87 153.30 1.14 1 0 856.19
8 155.00 153.87 154.44 -1.13 1 0 1205.80
3 152.73 156.13 154.43 3.40 1 0 1066.04
15 157.27 156.13 156.70 -1.14 1 0 881.75
1 151.60 155.00 153.30 3.40 1 0 1135.16
13 156.13 157.27 156.70 1.14 1 0 1775.81
14 157.27 153.87 155.57 -3.40 1 0 940.55
7 155.00 151.60 153.30 -3.40 1 0 777.99
5 153.87 155.00 154.44 1.13 1 0 954.16
4 153.87 152.73 153.30 -1.14 1 0 873.26
10 155.00 158.40 156.70 3.40 1 0 877.80
9 155.00 156.13 155.57 1.13 1 0 803.99
6 153.87 157.27 155.57 3.40 1 0 899.43
11 156.13 152.73 154.43 -3.40 1 0 1096.07
12 156.13 155.00 155.57 -1.13 1 0 707.65
16 158.40 155.00 156.70 -3.40 1 0 683.70
8 155.00 153.87 154.44 -1.13 1 0 866.19
3 152.73 156.13 154.43 3.40 1 0 925.47
5 153.87 155.00 154.44 1.13 1 0 1217.31
7 155.00 151.60 153.30 -3.40 1 0 1021.97
10 155.00 158.40 156.70 3.40 1 0 867.48
12 156.13 155.00 155.57 -1.13 1 0 910.60
4 153.87 152.73 153.30 -1.14 1 0 1002.89
6 153.87 157.27 155.57 3.40 1 0 762.38
9 155.00 156.13 155.57 1.13 1 0 684.68
2 152.73 153.87 153.30 1.14 1 0 880.62
13 156.13 157.27 156.70 1.14 1 0 884.62
1 151.60 155.00 153.30 3.40 1 0 1037.44
15 157.27 156.13 156.70 -1.14 1 0 980.14
11 156.13 152.73 154.43 -3.40 1 0 868.29
16 158.40 155.00 156.70 -3.40 1 0 731.30
14 157.27 153.87 155.57 -3.40 1 0 1051.62
15 157.27 156.13 156.70 -1.14 1 0 1397.57
13 156.13 157.27 156.70 1.14 1 0 1542.97
2 152.73 153.87 153.30 1.14 1 0 1192.53
5 153.87 155.00 154.44 1.13 1 0 1159.74
6 153.87 157.27 155.57 3.40 1 0 956.04
11 156.13 152.73 154.43 -3.40 1 0 837.02
3 152.73 156.13 154.43 3.40 1 0 404.66
12 156.13 155.00 155.57 -1.13 1 0 770.11
8 155.00 153.87 154.44 -1.13 1 0 778.58
14 157.27 153.87 155.57 -3.40 1 0 686.69
4 153.87 152.73 153.30 -1.14 1 0 665.82
1 151.60 155.00 153.30 3.40 1 0 569.71
9 155.00 156.13 155.57 1.13 1 0 530.01
10 155.00 158.40 156.70 3.40 1 0 712.25
16 158.40 155.00 156.70 -3.40 1 0 676.07
7 155.00 151.60 153.30 -3.40 1 0 572.69
13 156.13 157.27 156.70 1.14 1 0 645.51
2 152.73 153.87 153.30 1.14 1 0 617.83
3 152.73 156.13 154.43 3.40 1 0 708.12
4 153.87 152.73 153.30 -1.14 1 0 696.25
7 155.00 151.60 153.30 -3.40 1 0 807.32
9 155.00 156.13 155.57 1.13 1 0 791.40
11 156.13 152.73 154.43 -3.40 1 0 655.74
10 155.00 158.40 156.70 3.40 1 0 361.73
5 153.87 155.00 154.44 1.13 1 0 630.09
1 151.60 155.00 153.30 3.40 1 0 690.74
16 158.40 155.00 156.70 -3.40 1 0 1088.40
8 155.00 153.87 154.44 -1.13 1 0 834.08
6 153.87 157.27 155.57 3.40 1 0 472.86
15 157.27 156.13 156.70 -1.14 1 0 503.41
12 156.13 155.00 155.57 -1.13 1 0 533.11
14 157.27 153.87 155.57 -3.40 1 0 421.44
11 156.13 152.73 154.43 -3.40 1 0 455.24
4 153.87 152.73 153.30 -1.14 1 0 301.18
7 155.00 151.60 153.30 -3.40 1 0 667.29
8 155.00 153.87 154.44 -1.13 1 0 595.90
16 158.40 155.00 156.70 -3.40 1 0 344.63
3 152.73 156.13 154.43 3.40 1 0 555.89
14 157.27 153.87 155.57 -3.40 1 0 659.57
10 155.00 158.40 156.70 3.40 1 0 701.95
5 153.87 155.00 154.44 1.13 1 0 522.88
13 156.13 157.27 156.70 1.14 1 0 503.47
12 156.13 155.00 155.57 -1.13 1 0 316.49
6 153.87 157.27 155.57 3.40 1 0 426.72
15 157.27 156.13 156.70 -1.14 1 0 326.23
1 151.60 155.00 153.30 3.40 1 0 353.50
2 152.73 153.87 153.30 1.14 1 0 298.66
9 155.00 156.13 155.57 1.13 1 0 358.94
11 156.13 152.73 154.43 -3.40 1 0 377.72
7 155.00 151.60 153.30 -3.40 1 0 370.19
13 156.13 157.27 156.70 1.14 1 0 434.15
12 156.13 155.00 155.57 -1.13 1 0 383.24
16 158.40 155.00 156.70 -3.40 1 0 445.55
9 155.00 156.13 155.57 1.13 1 0 523.19
6 153.87 157.27 155.57 3.40 1 0 645.58
3 152.73 156.13 154.43 3.40 1 0 584.55
10 155.00 158.40 156.70 3.40 1 0 341.15
2 152.73 153.87 153.30 1.14 1 0 531.94
5 153.87 155.00 154.44 1.13 1 0 398.78
8 155.00 153.87 154.44 -1.13 1 0 532.30
14 157.27 153.87 155.57 -3.40 1 0 587.88
15 157.27 156.13 156.70 -1.14 1 0 516.28
4 153.87 152.73 153.30 -1.14 1 0 753.21
1 151.60 155.00 153.30 3.40 1 0 570.16
10 155.00 158.40 156.70 3.40 1 0 558.18
7 155.00 151.60 153.30 -3.40 1 0 589.39
15 157.27 156.13 156.70 -1.14 1 0 636.69
1 151.60 155.00 153.30 3.40 1 0 459.83
8 155.00 153.87 154.44 -1.13 1 0 416.06
13 156.13 157.27 156.70 1.14 1 0 1065.44
6 153.87 157.27 155.57 3.40 1 0 750.73
2 152.73 153.87 153.30 1.14 1 0 690.53
4 153.87 152.73 153.30 -1.14 1 0 717.58
12 156.13 155.00 155.57 -1.13 1 0 483.20
3 152.73 156.13 154.43 3.40 1 0 594.93
5 153.87 155.00 154.44 1.13 1 0 382.12
11 156.13 152.73 154.43 -3.40 1 0 578.25
9 155.00 156.13 155.57 1.13 1 0 615.50
14 157.27 153.87 155.57 -3.40 1 0 453.71
16 158.40 155.00 156.70 -3.40 1 0 630.25
4 153.87 152.73 153.30 -1.14 1 0 512.35
3 152.73 156.13 154.43 3.40 1 0 346.63
2 152.73 153.87 153.30 1.14 1 0 526.25
7 155.00 151.60 153.30 -3.40 1 0 620.59
8 155.00 153.87 154.44 -1.13 1 0 716.90
6 153.87 157.27 155.57 3.40 1 0 582.39
12 156.13 155.00 155.57 -1.13 1 0 451.27
10 155.00 158.40 156.70 3.40 1 0 547.62
13 156.13 157.27 156.70 1.14 1 0 720.67
15 157.27 156.13 156.70 -1.14 1 0 501.93
16 158.40 155.00 156.70 -3.40 1 0 360.16
11 156.13 152.73 154.43 -3.40 1 0 392.74
9 155.00 156.13 155.57 1.13 1 0 276.68
14 157.27 153.87 155.57 -3.40 1 0 359.83
5 153.87 155.00 154.44 1.13 1 0 433.32
1 151.60 155.00 153.30 3.40 1 0 346.70
6 153.87 157.27 155.57 3.40 1 0 305.33
7 155.00 151.60 153.30 -3.40 1 0 396.84
5 153.87 155.00 154.44 1.13 1 0 555.69
4 153.87 152.73 153.30 -1.14 1 0 322.15
13 156.13 157.27 156.70 1.14 1 0 355.18
14 157.27 153.87 155.57 -3.40 1 0 469.23
12 156.13 155.00 155.57 -1.13 1 0 400.31
15 157.27 156.13 156.70 -1.14 1 0 595.87
11 156.13 152.73 154.43 -3.40 1 0 612.54
8 155.00 153.87 154.44 -1.13 1 0 311.31
16 158.40 155.00 156.70 -3.40 1 0 692.30
9 155.00 156.13 155.57 1.13 1 0 766.25
10 155.00 158.40 156.70 3.40 1 0 387.60
3 152.73 156.13 154.43 3.40 1 0 288.88
2 152.73 153.87 153.30 1.14 1 0 447.82
1 151.60 155.00 153.30 3.40 1 0 644.25
14 157.27 153.87 155.57 -3.40 1 0 707.08
10 155.00 158.40 156.70 3.40 1 0 667.21
16 158.40 155.00 156.70 -3.40 1 0 719.76
9 155.00 156.13 155.57 1.13 1 0 421.16
8 155.00 153.87 154.44 -1.13 1 0 323.17
13 156.13 157.27 156.70 1.14 1 0 418.35
4 153.87 152.73 153.30 -1.14 1 0 350.56
15 157.27 156.13 156.70 -1.14 1 0 491.65
12 156.13 155.00 155.57 -1.13 1 0 528.08
5 153.87 155.00 154.44 1.13 1 0 413.10
11 156.13 152.73 154.43 -3.40 1 0 450.77
2 152.73 153.87 153.30 1.14 1 0 451.00
1 151.60 155.00 153.30 3.40 1 0 343.17
3 152.73 156.13 154.43 3.40 1 0 1018.74
6 153.87 157.27 155.57 3.40 1 0 527.38
7 155.00 151.60 153.30 -3.40 1 0 405.80
4 153.87 152.73 153.30 -1.14 1 0 371.29
15 157.27 156.13 156.70 -1.14 1 0 494.48
2 152.73 153.87 153.30 1.14 1 0 356.31
3 152.73 156.13 154.43 3.40 1 0 335.51
10 155.00 158.40 156.70 3.40 1 0 363.90
12 156.13 155.00 155.57 -1.13 1 0 417.31
14 157.27 153.87 155.57 -3.40 1 0 480.24
16 158.40 155.00 156.70 -3.40 1 0 377.03
13 156.13 157.27 156.70 1.14 1 0 1079.90
9 155.00 156.13 155.57 1.13 1 0 1024.25
7 155.00 151.60 153.30 -3.40 1 0 4055.18
1 151.60 155.00 153.30 3.40 1 0 1314.53
6 153.87 157.27 155.57 3.40 1 0 958.78
5 153.87 155.00 154.44 1.13 1 0 999.45
8 155.00 153.87 154.44 -1.13 1 0 391.97
11 156.13 152.73 154.43 -3.40 1 0 413.43
1 151.60 155.00 153.30 3.40 1 0 362.66
14 157.27 153.87 155.57 -3.40 1 0 643.35
9 155.00 156.13 155.57 1.13 1 0 379.79
6 153.87 157.27 155.57 3.40 1 0 368.96
8 155.00 153.87 154.44 -1.13 1 0 857.56
2 152.73 153.87 153.30 1.14 1 0 649.29
4 153.87 152.73 153.30 -1.14 1 0 592.97
11 156.13 152.73 154.43 -3.40 1 0 380.70
3 152.73 156.13 154.43 3.40 1 0 919.96
16 158.40 155.00 156.70 -3.40 1 0 583.12
12 156.13 155.00 155.57 -1.13 1 0 670.79
5 153.87 155.00 154.44 1.13 1 0 394.71
7 155.00 151.60 153.30 -3.40 1 0 815.54
13 156.13 157.27 156.70 1.14 1 0 451.18
15 157.27 156.13 156.70 -1.14 1 0 632.37
10 155.00 158.40 156.70 3.40 1 0 382.52
5 153.87 155.00 154.44 1.13 1 0 596.55
3 152.73 156.13 154.43 3.40 1 0 287.44
4 153.87 152.73 153.30 -1.14 1 0 392.44
14 157.27 153.87 155.57 -3.40 1 0 1315.52
2 152.73 153.87 153.30 1.14 1 0 575.39
8 155.00 153.87 154.44 -1.13 1 0 510.54
1 151.60 155.00 153.30 3.40 1 0 413.77
6 153.87 157.27 155.57 3.40 1 0 360.25
16 158.40 155.00 156.70 -3.40 1 0 402.05
9 155.00 156.13 155.57 1.13 1 0 656.41
12 156.13 155.00 155.57 -1.13 1 0 394.44
10 155.00 158.40 156.70 3.40 1 0 404.46
13 156.13 157.27 156.70 1.14 1 0 817.75
15 157.27 156.13 156.70 -1.14 1 0 334.69
11 156.13 152.73 154.43 -3.40 1 0 479.16
7 155.00 151.60 153.30 -3.40 1 0 385.37
2 152.73 153.87 153.30 1.14 1 0 420.60
13 156.13 157.27 156.70 1.14 1 0 465.22
6 153.87 157.27 155.57 3.40 1 0 451.51
10 155.00 158.40 156.70 3.40 1 0 394.26
12 156.13 155.00 155.57 -1.13 1 0 599.79
3 152.73 156.13 154.43 3.40 1 0 382.04
9 155.00 156.13 155.57 1.13 1 0 588.35
8 155.00 153.87 154.44 -1.13 1 0 652.52
14 157.27 153.87 155.57 -3.40 1 0 434.17
15 157.27 156.13 156.70 -1.14 1 0 369.29
11 156.13 152.73 154.43 -3.40 1 0 374.06
5 153.87 155.00 154.44 1.13 1 0 425.22
16 158.40 155.00 156.70 -3.40 1 0 428.85
7 155.00 151.60 153.30 -3.40 1 0 373.67
4 153.87 152.73 153.30 -1.14 1 0 495.12
1 151.60 155.00 153.30 3.40 1 0 1084.30
7 155.00 151.60 153.30 -3.40 1 0 742.35
11 156.13 152.73 154.43 -3.40 1 0 1746.59
12 156.13 155.00 155.57 -1.13 1 0 910.26
9 155.00 156.13 155.57 1.13 1 0 859.95
3 152.73 156.13 154.43 3.40 1 0 734.46
10 155.00 158.40 156.70 3.40 1 0 1703.37
2 152.73 153.87 153.30 1.14 1 0 673.97
4 153.87 152.73 153.30 -1.14 1 0 1032.77
6 153.87 157.27 155.57 3.40 1 0 909.33
5 153.87 155.00 154.44 1.13 1 0 623.74
14 157.27 153.87 155.57 -3.40 1 0 771.16
15 157.27 156.13 156.70 -1.14 1 0 992.84
16 158.40 155.00 156.70 -3.40 1 0 762.37
13 156.13 157.27 156.70 1.14 1 0 802.99
8 155.00 153.87 154.44 -1.13 1 0 786.01
1 151.60 155.00 153.30 3.40 1 0 585.87
5 153.87 155.00 154.44 1.13 1 0 708.56
6 153.87 157.27 155.57 3.40 1 0 422.64
11 156.13 152.73 154.43 -3.40 1 0 715.57
15 157.27 156.13 156.70 -1.14 1 0 660.74
8 155.00 153.87 154.44 -1.13 1 0 470.56
12 156.13 155.00 155.57 -1.13 1 0 692.46
3 152.73 156.13 154.43 3.40 1 0 622.50
4 153.87 152.73 153.30 -1.14 1 0 400.20
2 152.73 153.87 153.30 1.14 1 0 613.50
13 156.13 157.27 156.70 1.14 1 0 633.36
14 157.27 153.87 155.57 -3.40 1 0 327.58
9 155.00 156.13 155.57 1.13 1 0 410.88
7 155.00 151.60 153.30 -3.40 1 0 355.10
1 151.60 155.00 153.30 3.40 1 0 505.25
10 155.00 158.40 156.70 3.40 1 0 342.70
16 158.40 155.00 156.70 -3.40 1 0 332.27
