13 156.13 157.27 156.70 1.14 0 1 2956.13
15 157.27 156.13 156.70 -1.14 1 0 1625.53
3 152.73 156.13 154.43 3.40 0 1 1116.95
10 155.00 158.40 156.70 3.40 0 1 1194.32
2 152.73 153.87 153.30 1.14 0 1 1514.98
5 153.87 155.00 154.44 1.13 0 1 1448.37
9 155.00 156.13 155.57 1.13 0 1 1395.45
16 158.40 155.00 156.70 -3.40 1 0 839.81
8 155.00 153.87 154.44 -1.13 1 0 682.84
7 155.00 151.60 153.30 -3.40 1 0 1058.87
11 156.13 152.73 154.43 -3.40 1 0 643.19
14 157.27 153.87 155.57 -3.40 1 0 549.12
12 156.13 155.00 155.57 -1.13 1 0 543.72
4 153.87 152.73 153.30 -1.14 1 0 610.45
1 151.60 155.00 153.30 3.40 1 0 577.68
6 153.87 157.27 155.57 3.40 0 1 993.05
15 157.27 156.13 156.70 -1.14 1 0 705.41
2 152.73 153.87 153.30 1.14 1 0 726.08
8 155.00 153.87 154.44 -1.13 0 1 887.06
7 155.00 151.60 153.30 -3.40 0 1 967.95
12 156.13 155.00 155.57 -1.13 1 0 643.42
13 156.13 157.27 156.70 1.14 1 0 561.65
4 153.87 152.73 153.30 -1.14 1 0 866.68
11 156.13 152.73 154.43 -3.40 1 0 547.51
5 153.87 155.00 154.44 1.13 0 1 403.71
3 152.73 156.13 154.43 3.40 0 1 759.51
6 153.87 157.27 155.57 3.40 0 1 625.84
10 155.00 158.40 156.70 3.40 0 1 1142.24
9 155.00 156.13 155.57 1.13 0 1 737.35
14 157.27 153.87 155.57 -3.40 0 1 897.85
1 151.60 155.00 153.30 3.40 0 1 835.44
16 158.40 155.00 156.70 -3.40 1 0 886.76
2 152.73 153.87 153.30 1.14 0 1 569.84
8 155.00 153.87 154.44 -1.13 0 1 770.49
3 152.73 156.13 154.43 3.40 0 1 591.65
15 157.27 156.13 156.70 -1.14 0 1 614.16
1 151.60 155.00 153.30 3.40 0 1 716.57
13 156.13 157.27 156.70 1.14 0 1 965.81
14 157.27 153.87 155.57 -3.40 0 1 814.87
7 155.00 151.60 153.30 -3.40 0 1 1582.47
5 153.87 155.00 154.44 1.13 0 1 882.55
4 153.87 152.73 153.30 -1.14 1 0 1094.45
10 155.00 158.40 156.70 3.40 0 1 800.46
9 155.00 156.13 155.57 1.13 0 1 700.31
6 153.87 157.27 155.57 3.40 0 1 683.56
11 156.13 152.73 154.43 -3.40 0 1 667.23
12 156.13 155.00 155.57 -1.13 0 1 907.33
16 158.40 155.00 156.70 -3.40 1 0 892.85
8 155.00 153.87 154.44 -1.13 1 0 708.66
3 152.73 156.13 154.43 3.40 0 1 592.04
5 153.87 155.00 154.44 1.13 0 1 560.38
7 155.00 151.60 153.30 -3.40 0 1 1130.49
10 155.00 158.40 156.70 3.40 1 0 1337.36
12 156.13 155.00 155.57 -1.13 0 1 589.34
4 153.87 152.73 153.30 -1.14 0 1 457.47
6 153.87 157.27 155.57 3.40 0 1 684.32
9 155.00 156.13 155.57 1.13 0 1 865.90
2 152.73 153.87 153.30 1.14 0 1 576.67
13 156.13 157.27 156.70 1.14 0 1 940.58
1 151.60 155.00 153.30 3.40 0 1 540.73
15 157.27 156.13 156.70 -1.14 1 0 1349.07
11 156.13 152.73 154.43 -3.40 1 0 1216.47
16 158.40 155.00 156.70 -3.40 0 1 879.03
14 157.27 153.87 155.57 -3.40 1 0 1127.49
15 157.27 156.13 156.70 -1.14 0 1 1288.62
13 156.13 157.27 156.70 1.14 1 0 824.99
2 152.73 153.87 153.30 1.14 0 1 564.34
5 153.87 155.00 154.44 1.13 0 1 446.20
6 153.87 157.27 155.57 3.40 0 1 982.42
11 156.13 152.73 154.43 -3.40 0 1 1309.93
3 152.73 156.13 154.43 3.40 0 1 765.84
12 156.13 155.00 155.57 -1.13 0 1 950.56
8 155.00 153.87 154.44 -1.13 0 1 780.37
14 157.27 153.87 155.57 -3.40 0 1 913.22
4 153.87 152.73 153.30 -1.14 0 1 623.98
1 151.60 155.00 153.30 3.40 0 1 594.09
9 155.00 156.13 155.57 1.13 0 1 1139.26
10 155.00 158.40 156.70 3.40 1 0 603.63
16 158.40 155.00 156.70 -3.40 1 0 808.29
7 155.00 151.60 153.30 -3.40 0 1 861.17
13 156.13 157.27 156.70 1.14 0 1 1130.78
2 152.73 153.87 153.30 1.14 0 1 914.12
3 152.73 156.13 154.43 3.40 0 1 1243.33
4 153.87 152.73 153.30 -1.14 0 1 700.46
7 155.00 151.60 153.30 -3.40 0 1 920.33
9 155.00 156.13 155.57 1.13 1 0 1053.38
11 156.13 152.73 154.43 -3.40 0 1 1184.54
10 155.00 158.40 156.70 3.40 0 1 1261.89
5 153.87 155.00 154.44 1.13 0 1 1032.59
1 151.60 155.00 153.30 3.40 0 1 831.15
16 158.40 155.00 156.70 -3.40 1 0 1267.46
8 155.00 153.87 154.44 -1.13 0 1 944.46
6 153.87 157.27 155.57 3.40 0 1 777.17
15 157.27 156.13 156.70 -1.14 0 1 762.69
12 156.13 155.00 155.57 -1.13 0 1 878.74
14 157.27 153.87 155.57 -3.40 1 0 1537.43
11 156.13 152.73 154.43 -3.40 0 1 791.33
4 153.87 152.73 153.30 -1.14 0 1 575.71
7 155.00 151.60 153.30 -3.40 0 1 688.55
8 155.00 153.87 154.44 -1.13 0 1 1502.88
16 158.40 155.00 156.70 -3.40 1 0 909.12
3 152.73 156.13 154.43 3.40 0 1 641.34
14 157.27 153.87 155.57 -3.40 0 1 506.63
10 155.00 158.40 156.70 3.40 0 1 1190.02
5 153.87 155.00 154.44 1.13 0 1 564.18
13 156.13 157.27 156.70 1.14 0 1 802.54
12 156.13 155.00 155.57 -1.13 0 1 730.93
6 153.87 157.27 155.57 3.40 0 1 897.05
15 157.27 156.13 156.70 -1.14 0 1 1046.67
1 151.60 155.00 153.30 3.40 0 1 789.23
2 152.73 153.87 153.30 1.14 0 1 1295.42
9 155.00 156.13 155.57 1.13 0 1 770.16
11 156.13 152.73 154.43 -3.40 0 1 768.47
7 155.00 151.60 153.30 -3.40 1 0 1347.22
13 156.13 157.27 156.70 1.14 0 1 1386.48
12 156.13 155.00 155.57 -1.13 0 1 593.06
16 158.40 155.00 156.70 -3.40 0 1 1458.17
9 155.00 156.13 155.57 1.13 0 1 853.51
6 153.87 157.27 155.57 3.40 0 1 784.08
3 152.73 156.13 154.43 3.40 0 1 788.58
10 155.00 158.40 156.70 3.40 0 1 1221.83
2 152.73 153.87 153.30 1.14 0 1 1327.88
5 153.87 155.00 154.44 1.13 1 0 1341.21
8 155.00 153.87 154.44 -1.13 0 1 871.82
14 157.27 153.87 155.57 -3.40 0 1 1489.91
15 157.27 156.13 156.70 -1.14 0 1 1849.31
4 153.87 152.73 153.30 -1.14 0 1 1355.93
1 151.60 155.00 153.30 3.40 1 0 857.46
10 155.00 158.40 156.70 3.40 1 0 1181.22
7 155.00 151.60 153.30 -3.40 1 0 1464.51
15 157.27 156.13 156.70 -1.14 0 1 1405.90
1 151.60 155.00 153.30 3.40 0 1 1003.86
8 155.00 153.87 154.44 -1.13 0 1 684.53
13 156.13 157.27 156.70 1.14 0 1 893.15
6 153.87 157.27 155.57 3.40 0 1 1084.49
2 152.73 153.87 153.30 1.14 0 1 712.62
4 153.87 152.73 153.30 -1.14 0 1 569.29
12 156.13 155.00 155.57 -1.13 0 1 851.15
3 152.73 156.13 154.43 3.40 0 1 696.16
5 153.87 155.00 154.44 1.13 0 1 668.16
11 156.13 152.73 154.43 -3.40 0 1 516.84
9 155.00 156.13 155.57 1.13 0 1 480.24
14 157.27 153.87 155.57 -3.40 1 0 862.45
16 158.40 155.00 156.70 -3.40 1 0 1219.52
4 153.87 152.73 153.30 -1.14 0 1 643.77
3 152.73 156.13 154.43 3.40 0 1 446.86
2 152.73 153.87 153.30 1.14 0 1 412.20
7 155.00 151.60 153.30 -3.40 0 1 566.92
8 155.00 153.87 154.44 -1.13 0 1 537.45
6 153.87 157.27 155.57 3.40 0 1 724.15
12 156.13 155.00 155.57 -1.13 0 1 468.31
10 155.00 158.40 156.70 3.40 0 1 677.79
13 156.13 157.27 156.70 1.14 0 1 539.53
15 157.27 156.13 156.70 -1.14 1 0 1087.76
16 158.40 155.00 156.70 -3.40 1 0 1142.09
11 156.13 152.73 154.43 -3.40 0 1 1152.10
9 155.00 156.13 155.57 1.13 0 1 789.30
14 157.27 153.87 155.57 -3.40 0 1 857.16
5 153.87 155.00 154.44 1.13 0 1 782.43
1 151.60 155.00 153.30 3.40 0 1 1087.88
6 153.87 157.27 155.57 3.40 0 1 601.24
7 155.00 151.60 153.30 -3.40 1 0 1566.49
5 153.87 155.00 154.44 1.13 1 0 776.77
4 153.87 152.73 153.30 -1.14 0 1 714.73
13 156.13 157.27 156.70 1.14 0 1 1822.80
14 157.27 153.87 155.57 -3.40 1 0 808.00
12 156.13 155.00 155.57 -1.13 0 1 477.05
15 157.27 156.13 156.70 -1.14 1 0 934.82
11 156.13 152.73 154.43 -3.40 0 1 468.03
8 155.00 153.87 154.44 -1.13 0 1 449.90
16 158.40 155.00 156.70 -3.40 0 1 1913.05
9 155.00 156.13 155.57 1.13 0 1 1205.27
10 155.00 158.40 156.70 3.40 0 1 1192.86
3 152.73 156.13 154.43 3.40 0 1 1311.80
2 152.73 153.87 153.30 1.14 0 1 1042.93
1 151.60 155.00 153.30 3.40 0 1 546.01
14 157.27 153.87 155.57 -3.40 1 0 814.53
10 155.00 158.40 156.70 3.40 1 0 637.20
16 158.40 155.00 156.70 -3.40 1 0 535.48
9 155.00 156.13 155.57 1.13 0 1 1100.44
8 155.00 153.87 154.44 -1.13 0 1 491.08
13 156.13 157.27 156.70 1.14 0 1 829.72
4 153.87 152.73 153.30 -1.14 0 1 783.49
15 157.27 156.13 156.70 -1.14 0 1 1242.85
12 156.13 155.00 155.57 -1.13 0 1 766.74
5 153.87 155.00 154.44 1.13 0 1 600.66
11 156.13 152.73 154.43 -3.40 0 1 768.30
2 152.73 153.87 153.30 1.14 0 1 547.89
1 151.60 155.00 153.30 3.40 0 1 593.72
3 152.73 156.13 154.43 3.40 0 1 1093.77
6 153.87 157.27 155.57 3.40 0 1 672.26
7 155.00 151.60 153.30 -3.40 0 1 662.39
4 153.87 152.73 153.30 -1.14 0 1 489.13
15 157.27 156.13 156.70 -1.14 0 1 638.04
2 152.73 153.87 153.30 1.14 0 1 481.08
3 152.73 156.13 154.43 3.40 0 1 482.12
10 155.00 158.40 156.70 3.40 1 0 641.65
12 156.13 155.00 155.57 -1.13 0 1 578.38
14 157.27 153.87 155.57 -3.40 0 1 655.65
16 158.40 155.00 156.70 -3.40 1 0 788.92
13 156.13 157.27 156.70 1.14 0 1 624.95
9 155.00 156.13 155.57 1.13 0 1 560.05
7 155.00 151.60 153.30 -3.40 0 1 550.70
1 151.60 155.00 153.30 3.40 0 1 500.66
6 153.87 157.27 155.57 3.40 0 1 602.97
5 153.87 155.00 154.44 1.13 0 1 1062.67
8 155.00 153.87 154.44 -1.13 0 1 391.33
11 156.13 152.73 154.43 -3.40 0 1 889.14
1 151.60 155.00 153.30 3.40 0 1 778.10
14 157.27 153.87 155.57 -3.40 0 1 389.93
9 155.00 156.13 155.57 1.13 0 1 738.64
6 153.87 157.27 155.57 3.40 0 1 496.60
8 155.00 153.87 154.44 -1.13 0 1 977.65
2 152.73 153.87 153.30 1.14 0 1 747.03
4 153.87 152.73 153.30 -1.14 0 1 836.81
11 156.13 152.73 154.43 -3.40 0 1 875.32
3 152.73 156.13 154.43 3.40 0 1 427.00
16 158.40 155.00 156.70 -3.40 0 1 352.06
12 156.13 155.00 155.57 -1.13 0 1 502.92
5 153.87 155.00 154.44 1.13 0 1 577.01
7 155.00 151.60 153.30 -3.40 0 1 379.47
13 156.13 157.27 156.70 1.14 1 0 901.16
15 157.27 156.13 156.70 -1.14 1 0 563.07
10 155.00 158.40 156.70 3.40 1 0 642.31
5 153.87 155.00 154.44 1.13 0 1 758.00
3 152.73 156.13 154.43 3.40 0 1 499.19
4 153.87 152.73 153.30 -1.14 0 1 613.15
14 157.27 153.87 155.57 -3.40 0 1 539.87
2 152.73 153.87 153.30 1.14 0 1 791.80
8 155.00 153.87 154.44 -1.13 0 1 780.52
1 151.60 155.00 153.30 3.40 0 1 374.02
6 153.87 157.27 155.57 3.40 0 1 536.23
16 158.40 155.00 156.70 -3.40 0 1 349.60
9 155.00 156.13 155.57 1.13 0 1 722.07
12 156.13 155.00 155.57 -1.13 0 1 778.15
10 155.00 158.40 156.70 3.40 1 0 786.92
13 156.13 157.27 156.70 1.14 1 0 653.14
15 157.27 156.13 156.70 -1.14 1 0 610.16
11 156.13 152.73 154.43 -3.40 0 1 1065.97
7 155.00 151.60 153.30 -3.40 0 1 1240.84
2 152.73 153.87 153.30 1.14 0 1 901.40
13 156.13 157.27 156.70 1.14 0 1 974.37
6 153.87 157.27 155.57 3.40 0 1 877.34
10 155.00 158.40 156.70 3.40 0 1 1157.77
12 156.13 155.00 155.57 -1.13 0 1 1689.22
3 152.73 156.13 154.43 3.40 0 1 1115.22
9 155.00 156.13 155.57 1.13 0 1 378.89
8 155.00 153.87 154.44 -1.13 0 1 760.04
14 157.27 153.87 155.57 -3.40 0 1 634.84
15 157.27 156.13 156.70 -1.14 1 0 1323.72
11 156.13 152.73 154.43 -3.40 0 1 731.36
5 153.87 155.00 154.44 1.13 0 1 612.81
16 158.40 155.00 156.70 -3.40 1 0 1144.60
7 155.00 151.60 153.30 -3.40 0 1 694.63
4 153.87 152.73 153.30 -1.14 0 1 388.35
1 151.60 155.00 153.30 3.40 0 1 584.80
7 155.00 151.60 153.30 -3.40 0 1 441.31
11 156.13 152.73 154.43 -3.40 0 1 743.32
12 156.13 155.00 155.57 -1.13 0 1 639.95
9 155.00 156.13 155.57 1.13 0 1 1283.66
3 152.73 156.13 154.43 3.40 0 1 949.15
10 155.00 158.40 156.70 3.40 1 0 1509.67
2 152.73 153.87 153.30 1.14 0 1 551.61
4 153.87 152.73 153.30 -1.14 0 1 599.44
6 153.87 157.27 155.57 3.40 0 1 969.21
5 153.87 155.00 154.44 1.13 0 1 938.63
14 157.27 153.87 155.57 -3.40 1 0 1247.40
15 157.27 156.13 156.70 -1.14 1 0 927.94
16 158.40 155.00 156.70 -3.40 1 0 718.94
13 156.13 157.27 156.70 1.14 0 1 856.73
8 155.00 153.87 154.44 -1.13 0 1 489.67
1 151.60 155.00 153.30 3.40 0 1 350.80
5 153.87 155.00 154.44 1.13 0 1 515.37
6 153.87 157.27 155.57 3.40 0 1 749.01
11 156.13 152.73 154.43 -3.40 0 1 694.37
15 157.27 156.13 156.70 -1.14 0 1 287.92
8 155.00 153.87 154.44 -1.13 0 1 588.06
12 156.13 155.00 155.57 -1.13 0 1 570.45
3 152.73 156.13 154.43 3.40 0 1 597.54
4 153.87 152.73 153.30 -1.14 0 1 422.56
2 152.73 153.87 153.30 1.14 0 1 900.41
13 156.13 157.27 156.70 1.14 1 0 1145.33
14 157.27 153.87 155.57 -3.40 1 0 857.25
9 155.00 156.13 155.57 1.13 0 1 629.24
7 155.00 151.60 153.30 -3.40 0 1 513.99
1 151.60 155.00 153.30 3.40 0 1 650.36
10 155.00 158.40 156.70 3.40 0 1 1322.43
16 158.40 155.00 156.70 -3.40 0 1 788.01
