14 157.27 153.87 155.57 -3.40 0 1 1305.10
7 155.00 151.60 153.30 -3.40 0 1 1871.85
10 155.00 158.40 156.70 3.40 1 0 607.52
15 157.27 156.13 156.70 -1.14 1 0 6427.94
11 156.13 152.73 154.43 -3.40 1 0 3848.14
4 153.87 152.73 153.30 -1.14 0 1 929.14
2 152.73 153.87 153.30 1.14 0 1 3311.53
13 156.13 157.27 156.70 1.14 1 0 3755.99
8 155.00 153.87 154.44 -1.13 0 1 537.13
12 156.13 155.00 155.57 -1.13 1 0 769.93
16 158.40 155.00 156.70 -3.40 1 0 1021.25
5 153.87 155.00 154.44 1.13 0 1 843.18
9 155.00 156.13 155.57 1.13 1 0 951.42
3 152.73 156.13 154.43 3.40 0 1 2546.91
6 153.87 157.27 155.57 3.40 0 1 1062.66
1 151.60 155.00 153.30 3.40 0 1 1382.12
11 156.13 152.73 154.43 -3.40 1 0 768.74
8 155.00 153.87 154.44 -1.13 1 0 1900.94
3 152.73 156.13 154.43 3.40 0 1 887.50
13 156.13 157.27 156.70 1.14 1 0 1908.69
6 153.87 157.27 155.57 3.40 0 1 1390.33
5 153.87 155.00 154.44 1.13 0 1 942.63
7 155.00 151.60 153.30 -3.40 1 0 292.69
9 155.00 156.13 155.57 1.13 0 1 1182.85
15 157.27 156.13 156.70 -1.14 1 0 621.72
12 156.13 155.00 155.57 -1.13 1 0 632.25
2 152.73 153.87 153.30 1.14 0 1 634.64
1 151.60 155.00 153.30 3.40 0 1 1257.28
10 155.00 158.40 156.70 3.40 0 1 894.67
14 157.27 153.87 155.57 -3.40 0 1 512.49
16 158.40 155.00 156.70 -3.40 1 0 686.46
4 153.87 152.73 153.30 -1.14 0 1 940.15
5 153.87 155.00 154.44 1.13 0 1 955.44
14 157.27 153.87 155.57 -3.40 1 0 591.08
10 155.00 158.40 156.70 3.40 0 1 1245.07
9 155.00 156.13 155.57 1.13 1 0 1509.80
13 156.13 157.27 156.70 1.14 1 0 1160.71
4 153.87 152.73 153.30 -1.14 0 1 660.84
8 155.00 153.87 154.44 -1.13 1 0 1053.85
7 155.00 151.60 153.30 -3.40 0 1 1514.35
15 157.27 156.13 156.70 -1.14 1 0 629.22
11 156.13 152.73 154.43 -3.40 1 0 690.25
12 156.13 155.00 155.57 -1.13 1 0 3335.57
6 153.87 157.27 155.57 3.40 0 1 1564.19
3 152.73 156.13 154.43 3.40 0 1 1177.15
2 152.73 153.87 153.30 1.14 0 1 1004.36
1 151.60 155.00 153.30 3.40 0 1 4482.65
16 158.40 155.00 156.70 -3.40 1 0 960.16
9 155.00 156.13 155.57 1.13 0 1 1539.81
5 153.87 155.00 154.44 1.13 0 1 1012.13
3 152.73 156.13 154.43 3.40 0 1 722.63
10 155.00 158.40 156.70 3.40 1 0 1020.01
12 156.13 155.00 155.57 -1.13 1 0 1527.46
2 152.73 153.87 153.30 1.14 0 1 809.91
11 156.13 152.73 154.43 -3.40 1 0 1635.15
4 153.87 152.73 153.30 -1.14 0 1 846.62
15 157.27 156.13 156.70 -1.14 1 0 696.63
8 155.00 153.87 154.44 -1.13 0 1 749.86
14 157.27 153.87 155.57 -3.40 1 0 1108.33
7 155.00 151.60 153.30 -3.40 0 1 1312.33
6 153.87 157.27 155.57 3.40 1 0 451.82
13 156.13 157.27 156.70 1.14 0 1 708.62
1 151.60 155.00 153.30 3.40 0 1 694.62
16 158.40 155.00 156.70 -3.40 1 0 693.81
2 152.73 153.87 153.30 1.14 0 1 1010.93
8 155.00 153.87 154.44 -1.13 1 0 741.49
10 155.00 158.40 156.70 3.40 0 1 1249.79
11 156.13 152.73 154.43 -3.40 1 0 674.01
12 156.13 155.00 155.57 -1.13 0 1 1237.37
7 155.00 151.60 153.30 -3.40 1 0 1147.81
3 152.73 156.13 154.43 3.40 0 1 650.81
16 158.40 155.00 156.70 -3.40 1 0 913.21
5 153.87 155.00 154.44 1.13 0 1 758.76
15 157.27 156.13 156.70 -1.14 1 0 1244.23
4 153.87 152.73 153.30 -1.14 0 1 666.16
6 153.87 157.27 155.57 3.40 1 0 569.30
1 151.60 155.00 153.30 3.40 0 1 606.74
13 156.13 157.27 156.70 1.14 1 0 529.08
14 157.27 153.87 155.57 -3.40 1 0 1060.09
9 155.00 156.13 155.57 1.13 0 1 1351.26
5 153.87 155.00 154.44 1.13 0 1 1067.98
12 156.13 155.00 155.57 -1.13 1 0 945.44
15 157.27 156.13 156.70 -1.14 1 0 1184.51
10 155.00 158.40 156.70 3.40 1 0 1511.70
4 153.87 152.73 153.30 -1.14 0 1 790.18
2 152.73 153.87 153.30 1.14 0 1 998.46
14 157.27 153.87 155.57 -3.40 1 0 875.93
11 156.13 152.73 154.43 -3.40 1 0 1125.86
13 156.13 157.27 156.70 1.14 0 1 714.29
7 155.00 151.60 153.30 -3.40 1 0 664.25
16 158.40 155.00 156.70 -3.40 0 1 908.64
6 153.87 157.27 155.57 3.40 1 0 908.12
9 155.00 156.13 155.57 1.13 0 1 351.85
8 155.00 153.87 154.44 -1.13 0 1 1295.29
3 152.73 156.13 154.43 3.40 1 0 499.71
1 151.60 155.00 153.30 3.40 0 1 582.86
2 152.73 153.87 153.30 1.14 0 1 744.45
13 156.13 157.27 156.70 1.14 1 0 1246.39
8 155.00 153.87 154.44 -1.13 0 1 1159.42
7 155.00 151.60 153.30 -3.40 1 0 825.09
6 153.87 157.27 155.57 3.40 0 1 737.04
9 155.00 156.13 155.57 1.13 1 0 1395.15
12 156.13 155.00 155.57 -1.13 0 1 3121.06
14 157.27 153.87 155.57 -3.40 1 0 858.59
11 156.13 152.73 154.43 -3.40 1 0 1009.48
16 158.40 155.00 156.70 -3.40 1 0 912.43
10 155.00 158.40 156.70 3.40 1 0 611.11
5 153.87 155.00 154.44 1.13 1 0 4464.36
4 153.87 152.73 153.30 -1.14 1 0 627.26
15 157.27 156.13 156.70 -1.14 0 1 1105.00
3 152.73 156.13 154.43 3.40 0 1 1184.96
1 151.60 155.00 153.30 3.40 0 1 951.86
13 156.13 157.27 156.70 1.14 0 1 1811.44
3 152.73 156.13 154.43 3.40 0 1 824.72
8 155.00 153.87 154.44 -1.13 0 1 12364.21
5 153.87 155.00 154.44 1.13 0 1 859.14
7 155.00 151.60 153.30 -3.40 0 1 3628.21
11 156.13 152.73 154.43 -3.40 1 0 2522.91
4 153.87 152.73 153.30 -1.14 1 0 1176.70
6 153.87 157.27 155.57 3.40 0 1 1166.45
14 157.27 153.87 155.57 -3.40 1 0 2002.22
16 158.40 155.00 156.70 -3.40 0 1 3456.10
10 155.00 158.40 156.70 3.40 1 0 3685.50
15 157.27 156.13 156.70 -1.14 0 1 1089.26
12 156.13 155.00 155.57 -1.13 1 0 3361.68
9 155.00 156.13 155.57 1.13 1 0 1707.79
2 152.73 153.87 153.30 1.14 0 1 1414.49
1 151.60 155.00 153.30 3.40 1 0 1236.48
15 157.27 156.13 156.70 -1.14 1 0 837.58
11 156.13 152.73 154.43 -3.40 0 1 970.80
1 151.60 155.00 153.30 3.40 1 0 856.93
4 153.87 152.73 153.30 -1.14 0 1 591.38
8 155.00 153.87 154.44 -1.13 1 0 805.34
3 152.73 156.13 154.43 3.40 0 1 456.05
12 156.13 155.00 155.57 -1.13 1 0 1646.54
6 153.87 157.27 155.57 3.40 0 1 3410.93
13 156.13 157.27 156.70 1.14 0 1 5729.57
2 152.73 153.87 153.30 1.14 0 1 2080.54
10 155.00 158.40 156.70 3.40 0 1 1743.56
5 153.87 155.00 154.44 1.13 1 0 832.67
14 157.27 153.87 155.57 -3.40 1 0 1224.66
9 155.00 156.13 155.57 1.13 1 0 785.23
7 155.00 151.60 153.30 -3.40 1 0 2281.77
16 158.40 155.00 156.70 -3.40 1 0 1980.73
16 158.40 155.00 156.70 -3.40 1 0 2452.51
3 152.73 156.13 154.43 3.40 1 0 738.64
4 153.87 152.73 153.30 -1.14 0 1 906.32
1 151.60 155.00 153.30 3.40 0 1 1089.45
10 155.00 158.40 156.70 3.40 0 1 2703.42
7 155.00 151.60 153.30 -3.40 1 0 1028.63
14 157.27 153.87 155.57 -3.40 1 0 2053.58
9 155.00 156.13 155.57 1.13 0 1 1431.82
8 155.00 153.87 154.44 -1.13 1 0 774.97
15 157.27 156.13 156.70 -1.14 0 1 1046.73
2 152.73 153.87 153.30 1.14 1 0 1529.15
11 156.13 152.73 154.43 -3.40 0 1 672.55
5 153.87 155.00 154.44 1.13 1 0 2226.95
12 156.13 155.00 155.57 -1.13 1 0 1722.09
6 153.87 157.27 155.57 3.40 0 1 2518.58
13 156.13 157.27 156.70 1.14 1 0 1246.32
10 155.00 158.40 156.70 3.40 0 1 3171.28
12 156.13 155.00 155.57 -1.13 1 0 1803.47
13 156.13 157.27 156.70 1.14 0 1 1850.32
2 152.73 153.87 153.30 1.14 1 0 1166.67
15 157.27 156.13 156.70 -1.14 0 1 1013.12
8 155.00 153.87 154.44 -1.13 1 0 977.16
3 152.73 156.13 154.43 3.40 0 1 823.60
14 157.27 153.87 155.57 -3.40 1 0 2273.22
7 155.00 151.60 153.30 -3.40 1 0 1535.07
5 153.87 155.00 154.44 1.13 1 0 768.84
6 153.87 157.27 155.57 3.40 0 1 889.30
4 153.87 152.73 153.30 -1.14 1 0 433.21
11 156.13 152.73 154.43 -3.40 1 0 651.10
9 155.00 156.13 155.57 1.13 0 1 595.90
16 158.40 155.00 156.70 -3.40 0 1 1250.83
1 151.60 155.00 153.30 3.40 1 0 670.76
9 155.00 156.13 155.57 1.13 1 0 668.28
4 153.87 152.73 153.30 -1.14 0 1 722.31
6 153.87 157.27 155.57 3.40 1 0 831.89
2 152.73 153.87 153.30 1.14 0 1 963.61
12 156.13 155.00 155.57 -1.13 1 0 751.78
13 156.13 157.27 156.70 1.14 0 1 690.82
15 157.27 156.13 156.70 -1.14 0 1 1277.34
14 157.27 153.87 155.57 -3.40 0 1 888.72
10 155.00 158.40 156.70 3.40 0 1 1478.84
3 152.73 156.13 154.43 3.40 1 0 1408.39
1 151.60 155.00 153.30 3.40 0 1 1852.54
7 155.00 151.60 153.30 -3.40 1 0 576.00
5 153.87 155.00 154.44 1.13 1 0 1236.74
16 158.40 155.00 156.70 -3.40 0 1 595.53
11 156.13 152.73 154.43 -3.40 1 0 338.45
8 155.00 153.87 154.44 -1.13 0 1 434.28
15 157.27 156.13 156.70 -1.14 1 0 574.58
1 151.60 155.00 153.30 3.40 0 1 380.51
10 155.00 158.40 156.70 3.40 1 0 2393.19
13 156.13 157.27 156.70 1.14 0 1 1318.16
4 153.87 152.73 153.30 -1.14 1 0 1393.86
12 156.13 155.00 155.57 -1.13 1 0 732.69
6 153.87 157.27 155.57 3.40 0 1 1058.73
5 153.87 155.00 154.44 1.13 0 1 2588.94
7 155.00 151.60 153.30 -3.40 1 0 1022.52
14 157.27 153.87 155.57 -3.40 0 1 865.11
16 158.40 155.00 156.70 -3.40 0 1 769.75
11 156.13 152.73 154.43 -3.40 1 0 734.34
8 155.00 153.87 154.44 -1.13 1 0 721.71
3 152.73 156.13 154.43 3.40 1 0 674.75
2 152.73 153.87 153.30 1.14 1 0 785.10
9 155.00 156.13 155.57 1.13 0 1 703.29
9 155.00 156.13 155.57 1.13 1 0 382.79
2 152.73 153.87 153.30 1.14 0 1 611.71
15 157.27 156.13 156.70 -1.14 1 0 563.74
14 157.27 153.87 155.57 -3.40 0 1 3809.04
8 155.00 153.87 154.44 -1.13 0 1 589.74
13 156.13 157.27 156.70 1.14 0 1 1571.33
3 152.73 156.13 154.43 3.40 0 1 1620.60
10 155.00 158.40 156.70 3.40 0 1 1348.45
5 153.87 155.00 154.44 1.13 0 1 1436.43
4 153.87 152.73 153.30 -1.14 1 0 736.50
6 153.87 157.27 155.57 3.40 0 1 995.99
16 158.40 155.00 156.70 -3.40 1 0 905.56
12 156.13 155.00 155.57 -1.13 0 1 531.37
7 155.00 151.60 153.30 -3.40 0 1 861.43
11 156.13 152.73 154.43 -3.40 1 0 671.42
1 151.60 155.00 153.30 3.40 0 1 1377.85
11 156.13 152.73 154.43 -3.40 1 0 627.16
9 155.00 156.13 155.57 1.13 0 1 1546.23
2 152.73 153.87 153.30 1.14 1 0 857.42
14 157.27 153.87 155.57 -3.40 0 1 425.69
6 153.87 157.27 155.57 3.40 1 0 441.83
4 153.87 152.73 153.30 -1.14 0 1 788.89
3 152.73 156.13 154.43 3.40 1 0 937.11
5 153.87 155.00 154.44 1.13 0 1 1137.16
8 155.00 153.87 154.44 -1.13 1 0 585.12
12 156.13 155.00 155.57 -1.13 0 1 825.60
10 155.00 158.40 156.70 3.40 1 0 418.52
13 156.13 157.27 156.70 1.14 0 1 674.05
16 158.40 155.00 156.70 -3.40 1 0 377.73
7 155.00 151.60 153.30 -3.40 0 1 431.18
15 157.27 156.13 156.70 -1.14 1 0 3950.65
1 151.60 155.00 153.30 3.40 0 1 532.99
13 156.13 157.27 156.70 1.14 1 0 1331.39
10 155.00 158.40 156.70 3.40 0 1 2092.00
9 155.00 156.13 155.57 1.13 0 1 2042.55
11 156.13 152.73 154.43 -3.40 1 0 1098.19
12 156.13 155.00 155.57 -1.13 1 0 866.96
2 152.73 153.87 153.30 1.14 1 0 766.23
14 157.27 153.87 155.57 -3.40 1 0 680.29
1 151.60 155.00 153.30 3.40 1 0 588.80
5 153.87 155.00 154.44 1.13 1 0 1183.21
4 153.87 152.73 153.30 -1.14 1 0 493.90
15 157.27 156.13 156.70 -1.14 0 1 1729.01
8 155.00 153.87 154.44 -1.13 1 0 1716.78
6 153.87 157.27 155.57 3.40 0 1 1382.02
3 152.73 156.13 154.43 3.40 0 1 807.36
16 158.40 155.00 156.70 -3.40 0 1 817.41
7 155.00 151.60 153.30 -3.40 1 0 793.25
5 153.87 155.00 154.44 1.13 1 0 2656.27
12 156.13 155.00 155.57 -1.13 1 0 813.55
14 157.27 153.87 155.57 -3.40 1 0 652.47
7 155.00 151.60 153.30 -3.40 1 0 738.61
15 157.27 156.13 156.70 -1.14 0 1 704.24
9 155.00 156.13 155.57 1.13 0 1 797.91
2 152.73 153.87 153.30 1.14 1 0 843.70
10 155.00 158.40 156.70 3.40 0 1 864.01
4 153.87 152.73 153.30 -1.14 1 0 642.01
11 156.13 152.73 154.43 -3.40 1 0 932.25
13 156.13 157.27 156.70 1.14 0 1 669.76
3 152.73 156.13 154.43 3.40 0 1 689.42
8 155.00 153.87 154.44 -1.13 1 0 736.60
16 158.40 155.00 156.70 -3.40 1 0 838.43
6 153.87 157.27 155.57 3.40 1 0 650.49
1 151.60 155.00 153.30 3.40 1 0 447.66
5 153.87 155.00 154.44 1.13 0 1 289.19
9 155.00 156.13 155.57 1.13 0 1 260.39
14 157.27 153.87 155.57 -3.40 1 0 1214.18
2 152.73 153.87 153.30 1.14 0 1 430.49
15 157.27 156.13 156.70 -1.14 0 1 496.99
3 152.73 156.13 154.43 3.40 0 1 640.69
13 156.13 157.27 156.70 1.14 0 1 1014.66
7 155.00 151.60 153.30 -3.40 1 0 366.03
4 153.87 152.73 153.30 -1.14 0 1 520.33
10 155.00 158.40 156.70 3.40 0 1 849.58
16 158.40 155.00 156.70 -3.40 1 0 416.85
8 155.00 153.87 154.44 -1.13 0 1 579.40
11 156.13 152.73 154.43 -3.40 0 1 427.23
6 153.87 157.27 155.57 3.40 1 0 372.73
12 156.13 155.00 155.57 -1.13 0 1 465.44
1 151.60 155.00 153.30 3.40 0 1 869.19
