13 156.13 157.27 156.70 1.14 0 1 10113.78
11 156.13 152.73 154.43 -3.40 0 1 6725.11
8 155.00 153.87 154.44 -1.13 1 0 2206.65
15 157.27 156.13 156.70 -1.14 1 0 3549.06
10 155.00 158.40 156.70 3.40 1 0 3690.36
4 153.87 152.73 153.30 -1.14 0 1 3062.82
6 153.87 157.27 155.57 3.40 1 0 2657.93
12 156.13 155.00 155.57 -1.13 1 0 3290.53
16 158.40 155.00 156.70 -3.40 1 0 1627.99
5 153.87 155.00 154.44 1.13 0 1 5650.14
2 152.73 153.87 153.30 1.14 0 1 1882.53
14 157.27 153.87 155.57 -3.40 1 0 1431.16
1 151.60 155.00 153.30 3.40 0 1 1095.61
3 152.73 156.13 154.43 3.40 0 1 2000.83
9 155.00 156.13 155.57 1.13 1 0 2270.48
7 155.00 151.60 153.30 -3.40 0 1 1383.79
6 153.87 157.27 155.57 3.40 0 1 1601.70
13 156.13 157.27 156.70 1.14 0 1 3789.58
10 155.00 158.40 156.70 3.40 0 1 2117.95
8 155.00 153.87 154.44 -1.13 0 1 3453.37
5 153.87 155.00 154.44 1.13 0 1 3999.74
2 152.73 153.87 153.30 1.14 0 1 1584.12
4 153.87 152.73 153.30 -1.14 0 1 1718.82
9 155.00 156.13 155.57 1.13 1 0 3105.86
12 156.13 155.00 155.57 -1.13 1 0 1490.10
15 157.27 156.13 156.70 -1.14 1 0 1920.57
16 158.40 155.00 156.70 -3.40 1 0 1188.81
1 151.60 155.00 153.30 3.40 0 1 1596.92
3 152.73 156.13 154.43 3.40 0 1 1210.24
11 156.13 152.73 154.43 -3.40 0 1 4965.19
14 157.27 153.87 155.57 -3.40 0 1 957.54
7 155.00 151.60 153.30 -3.40 0 1 2307.43
14 157.27 153.87 155.57 -3.40 1 0 1680.63
11 156.13 152.73 154.43 -3.40 1 0 2013.66
10 155.00 158.40 156.70 3.40 0 1 2783.97
8 155.00 153.87 154.44 -1.13 1 0 1228.92
15 157.27 156.13 156.70 -1.14 1 0 1333.56
13 156.13 157.27 156.70 1.14 0 1 1701.67
1 151.60 155.00 153.30 3.40 0 1 3005.47
3 152.73 156.13 154.43 3.40 0 1 2429.93
5 153.87 155.00 154.44 1.13 0 1 1983.77
7 155.00 151.60 153.30 -3.40 0 1 1955.15
6 153.87 157.27 155.57 3.40 0 1 2346.22
2 152.73 153.87 153.30 1.14 0 1 961.72
4 153.87 152.73 153.30 -1.14 0 1 811.18
9 155.00 156.13 155.57 1.13 0 1 1294.65
12 156.13 155.00 155.57 -1.13 1 0 2098.51
16 158.40 155.00 156.70 -3.40 1 0 973.55
7 155.00 151.60 153.30 -3.40 0 1 1406.54
11 156.13 152.73 154.43 -3.40 1 0 1146.35
2 152.73 153.87 153.30 1.14 0 1 934.02
4 153.87 152.73 153.30 -1.14 1 0 1218.24
14 157.27 153.87 155.57 -3.40 0 1 3047.97
8 155.00 153.87 154.44 -1.13 0 1 1388.98
1 151.60 155.00 153.30 3.40 1 0 1585.35
13 156.13 157.27 156.70 1.14 0 1 1108.94
6 153.87 157.27 155.57 3.40 1 0 1490.04
5 153.87 155.00 154.44 1.13 0 1 1214.89
9 155.00 156.13 155.57 1.13 0 1 1235.48
3 152.73 156.13 154.43 3.40 1 0 2323.67
15 157.27 156.13 156.70 -1.14 0 1 3635.53
16 158.40 155.00 156.70 -3.40 0 1 725.57
10 155.00 158.40 156.70 3.40 1 0 1233.84
12 156.13 155.00 155.57 -1.13 1 0 1602.91
14 157.27 153.87 155.57 -3.40 1 0 2686.34
9 155.00 156.13 155.57 1.13 1 0 704.23
16 158.40 155.00 156.70 -3.40 1 0 807.73
7 155.00 151.60 153.30 -3.40 0 1 2372.77
5 153.87 155.00 154.44 1.13 0 1 3197.92
8 155.00 153.87 154.44 -1.13 1 0 3163.00
3 152.73 156.13 154.43 3.40 0 1 843.99
12 156.13 155.00 155.57 -1.13 1 0 1299.81
10 155.00 158.40 156.70 3.40 1 0 4766.20
13 156.13 157.27 156.70 1.14 0 1 994.55
2 152.73 153.87 153.30 1.14 0 1 1206.23
6 153.87 157.27 155.57 3.40 0 1 2972.21
15 157.27 156.13 156.70 -1.14 1 0 1077.19
11 156.13 152.73 154.43 -3.40 1 0 881.97
4 153.87 152.73 153.30 -1.14 0 1 3501.01
1 151.60 155.00 153.30 3.40 1 0 4181.25
7 155.00 151.60 153.30 -3.40 0 1 4699.39
8 155.00 153.87 154.44 -1.13 1 0 4712.67
10 155.00 158.40 156.70 3.40 1 0 2679.47
2 152.73 153.87 153.30 1.14 0 1 1151.77
3 152.73 156.13 154.43 3.40 0 1 879.53
11 156.13 152.73 154.43 -3.40 1 0 1837.03
4 153.87 152.73 153.30 -1.14 1 0 845.42
9 155.00 156.13 155.57 1.13 1 0 1313.83
14 157.27 153.87 155.57 -3.40 1 0 1314.72
12 156.13 155.00 155.57 -1.13 1 0 939.59
6 153.87 157.27 155.57 3.40 0 1 1230.99
15 157.27 156.13 156.70 -1.14 1 0 1402.42
13 156.13 157.27 156.70 1.14 1 0 7714.11
1 151.60 155.00 153.30 3.40 0 1 1030.79
5 153.87 155.00 154.44 1.13 0 1 3422.73
16 158.40 155.00 156.70 -3.40 1 0 1619.67
11 156.13 152.73 154.43 -3.40 1 0 1049.50
4 153.87 152.73 153.30 -1.14 0 1 1374.27
2 152.73 153.87 153.30 1.14 0 1 1412.43
5 153.87 155.00 154.44 1.13 0 1 1518.99
15 157.27 156.13 156.70 -1.14 1 0 966.04
8 155.00 153.87 154.44 -1.13 1 0 2783.92
10 155.00 158.40 156.70 3.40 0 1 1607.42
7 155.00 151.60 153.30 -3.40 1 0 4016.57
13 156.13 157.27 156.70 1.14 1 0 718.12
6 153.87 157.27 155.57 3.40 0 1 1148.60
3 152.73 156.13 154.43 3.40 0 1 893.20
12 156.13 155.00 155.57 -1.13 1 0 814.93
1 151.60 155.00 153.30 3.40 0 1 748.67
9 155.00 156.13 155.57 1.13 1 0 3149.90
16 158.40 155.00 156.70 -3.40 1 0 2222.47
14 157.27 153.87 155.57 -3.40 1 0 988.53
4 153.87 152.73 153.30 -1.14 0 1 1204.72
15 157.27 156.13 156.70 -1.14 1 0 3228.49
12 156.13 155.00 155.57 -1.13 1 0 1489.83
3 152.73 156.13 154.43 3.40 0 1 1212.64
14 157.27 153.87 155.57 -3.40 1 0 1632.70
9 155.00 156.13 155.57 1.13 0 1 1513.24
7 155.00 151.60 153.30 -3.40 0 1 2270.65
8 155.00 153.87 154.44 -1.13 1 0 1391.96
5 153.87 155.00 154.44 1.13 0 1 4217.63
1 151.60 155.00 153.30 3.40 0 1 797.15
16 158.40 155.00 156.70 -3.40 1 0 2080.17
13 156.13 157.27 156.70 1.14 1 0 1099.26
11 156.13 152.73 154.43 -3.40 1 0 718.37
10 155.00 158.40 156.70 3.40 1 0 1447.71
6 153.87 157.27 155.57 3.40 0 1 1093.18
2 152.73 153.87 153.30 1.14 0 1 1626.24
14 157.27 153.87 155.57 -3.40 1 0 1889.88
8 155.00 153.87 154.44 -1.13 1 0 2991.88
4 153.87 152.73 153.30 -1.14 0 1 775.21
1 151.60 155.00 153.30 3.40 0 1 4122.47
11 156.13 152.73 154.43 -3.40 1 0 3746.39
7 155.00 151.60 153.30 -3.40 1 0 920.54
9 155.00 156.13 155.57 1.13 0 1 1949.14
6 153.87 157.27 155.57 3.40 1 0 1195.11
12 156.13 155.00 155.57 -1.13 1 0 849.30
10 155.00 158.40 156.70 3.40 0 1 1901.38
13 156.13 157.27 156.70 1.14 0 1 953.87
3 152.73 156.13 154.43 3.40 0 1 1544.91
2 152.73 153.87 153.30 1.14 1 0 1470.65
16 158.40 155.00 156.70 -3.40 0 1 2501.23
5 153.87 155.00 154.44 1.13 0 1 1144.16
15 157.27 156.13 156.70 -1.14 1 0 3355.32
7 155.00 151.60 153.30 -3.40 1 0 1565.10
1 151.60 155.00 153.30 3.40 0 1 937.84
6 153.87 157.27 155.57 3.40 0 1 1474.03
3 152.73 156.13 154.43 3.40 0 1 1220.90
16 158.40 155.00 156.70 -3.40 1 0 724.87
8 155.00 153.87 154.44 -1.13 0 1 1536.47
9 155.00 156.13 155.57 1.13 1 0 2196.32
5 153.87 155.00 154.44 1.13 0 1 1676.00
14 157.27 153.87 155.57 -3.40 1 0 1890.45
13 156.13 157.27 156.70 1.14 1 0 869.10
15 157.27 156.13 156.70 -1.14 1 0 2213.61
10 155.00 158.40 156.70 3.40 0 1 2664.38
2 152.73 153.87 153.30 1.14 0 1 2047.07
11 156.13 152.73 154.43 -3.40 0 1 1669.30
4 153.87 152.73 153.30 -1.14 0 1 1497.59
12 156.13 155.00 155.57 -1.13 1 0 1502.52
7 155.00 151.60 153.30 -3.40 0 1 1900.28
10 155.00 158.40 156.70 3.40 1 0 4100.49
5 153.87 155.00 154.44 1.13 1 0 4628.88
12 156.13 155.00 155.57 -1.13 0 1 1058.47
6 153.87 157.27 155.57 3.40 0 1 1438.93
2 152.73 153.87 153.30 1.14 0 1 967.81
1 151.60 155.00 153.30 3.40 0 1 1287.46
4 153.87 152.73 153.30 -1.14 0 1 1499.98
14 157.27 153.87 155.57 -3.40 1 0 791.19
11 156.13 152.73 154.43 -3.40 1 0 766.81
15 157.27 156.13 156.70 -1.14 1 0 1909.61
13 156.13 157.27 156.70 1.14 1 0 1443.72
9 155.00 156.13 155.57 1.13 1 0 2548.86
16 158.40 155.00 156.70 -3.40 1 0 2069.98
3 152.73 156.13 154.43 3.40 0 1 1167.56
8 155.00 153.87 154.44 -1.13 1 0 2535.95
3 152.73 156.13 154.43 3.40 0 1 1934.33
4 153.87 152.73 153.30 -1.14 1 0 1473.37
11 156.13 152.73 154.43 -3.40 1 0 1377.72
6 153.87 157.27 155.57 3.40 0 1 1568.71
13 156.13 157.27 156.70 1.14 1 0 904.29
9 155.00 156.13 155.57 1.13 1 0 834.10
2 152.73 153.87 153.30 1.14 1 0 747.37
10 155.00 158.40 156.70 3.40 1 0 1308.91
16 158.40 155.00 156.70 -3.40 1 0 1146.37
15 157.27 156.13 156.70 -1.14 0 1 2507.19
5 153.87 155.00 154.44 1.13 0 1 673.75
14 157.27 153.87 155.57 -3.40 1 0 1312.47
8 155.00 153.87 154.44 -1.13 1 0 2455.89
1 151.60 155.00 153.30 3.40 0 1 918.28
12 156.13 155.00 155.57 -1.13 1 0 980.93
7 155.00 151.60 153.30 -3.40 1 0 3372.72
7 155.00 151.60 153.30 -3.40 0 1 865.71
14 157.27 153.87 155.57 -3.40 1 0 1283.44
2 152.73 153.87 153.30 1.14 0 1 1085.49
6 153.87 157.27 155.57 3.40 0 1 847.57
4 153.87 152.73 153.30 -1.14 0 1 1488.18
5 153.87 155.00 154.44 1.13 0 1 1105.57
12 156.13 155.00 155.57 -1.13 1 0 949.89
3 152.73 156.13 154.43 3.40 0 1 1313.77
13 156.13 157.27 156.70 1.14 1 0 5235.16
11 156.13 152.73 154.43 -3.40 1 0 972.23
15 157.27 156.13 156.70 -1.14 1 0 730.28
10 155.00 158.40 156.70 3.40 0 1 1533.15
16 158.40 155.00 156.70 -3.40 1 0 873.43
8 155.00 153.87 154.44 -1.13 0 1 1334.87
1 151.60 155.00 153.30 3.40 0 1 858.51
9 155.00 156.13 155.57 1.13 1 0 1810.26
15 157.27 156.13 156.70 -1.14 1 0 811.36
8 155.00 153.87 154.44 -1.13 0 1 1775.22
14 157.27 153.87 155.57 -3.40 0 1 2895.14
1 151.60 155.00 153.30 3.40 0 1 1654.80
3 152.73 156.13 154.43 3.40 0 1 1213.71
12 156.13 155.00 155.57 -1.13 1 0 1455.41
7 155.00 151.60 153.30 -3.40 0 1 949.59
10 155.00 158.40 156.70 3.40 0 1 1278.59
2 152.73 153.87 153.30 1.14 0 1 795.06
11 156.13 152.73 154.43 -3.40 1 0 1379.35
9 155.00 156.13 155.57 1.13 1 0 989.77
4 153.87 152.73 153.30 -1.14 1 0 1422.76
5 153.87 155.00 154.44 1.13 0 1 971.33
13 156.13 157.27 156.70 1.14 1 0 1494.23
16 158.40 155.00 156.70 -3.40 1 0 819.46
6 153.87 157.27 155.57 3.40 0 1 1196.47
3 152.73 156.13 154.43 3.40 0 1 897.44
7 155.00 151.60 153.30 -3.40 0 1 845.68
9 155.00 156.13 155.57 1.13 1 0 1748.29
1 151.60 155.00 153.30 3.40 0 1 1583.33
14 157.27 153.87 155.57 -3.40 1 0 964.28
8 155.00 153.87 154.44 -1.13 1 0 3703.69
4 153.87 152.73 153.30 -1.14 0 1 1092.20
12 156.13 155.00 155.57 -1.13 1 0 914.39
11 156.13 152.73 154.43 -3.40 1 0 1112.54
13 156.13 157.27 156.70 1.14 1 0 1323.66
15 157.27 156.13 156.70 -1.14 1 0 853.22
5 153.87 155.00 154.44 1.13 0 1 1147.01
6 153.87 157.27 155.57 3.40 0 1 1221.64
2 152.73 153.87 153.30 1.14 0 1 1025.47
10 155.00 158.40 156.70 3.40 0 1 1034.41
16 158.40 155.00 156.70 -3.40 1 0 835.22
5 153.87 155.00 154.44 1.13 1 0 916.13
13 156.13 157.27 156.70 1.14 1 0 2658.13
3 152.73 156.13 154.43 3.40 0 1 798.39
2 152.73 153.87 153.30 1.14 0 1 718.17
8 155.00 153.87 154.44 -1.13 0 1 1056.75
9 155.00 156.13 155.57 1.13 1 0 1174.40
4 153.87 152.73 153.30 -1.14 0 1 1196.56
11 156.13 152.73 154.43 -3.40 0 1 2070.05
6 153.87 157.27 155.57 3.40 0 1 1099.27
10 155.00 158.40 156.70 3.40 0 1 5398.07
1 151.60 155.00 153.30 3.40 0 1 699.93
14 157.27 153.87 155.57 -3.40 1 0 1606.49
7 155.00 151.60 153.30 -3.40 1 0 1022.32
15 157.27 156.13 156.70 -1.14 0 1 1138.66
12 156.13 155.00 155.57 -1.13 0 1 3914.95
16 158.40 155.00 156.70 -3.40 0 1 1707.80
5 153.87 155.00 154.44 1.13 0 1 1052.45
10 155.00 158.40 156.70 3.40 0 1 750.74
9 155.00 156.13 155.57 1.13 1 0 2280.47
3 152.73 156.13 154.43 3.40 0 1 625.30
12 156.13 155.00 155.57 -1.13 0 1 930.95
2 152.73 153.87 153.30 1.14 0 1 801.54
13 156.13 157.27 156.70 1.14 0 1 1223.19
7 155.00 151.60 153.30 -3.40 0 1 843.82
16 158.40 155.00 156.70 -3.40 0 1 1766.58
6 153.87 157.27 155.57 3.40 0 1 938.66
14 157.27 153.87 155.57 -3.40 1 0 1140.09
15 157.27 156.13 156.70 -1.14 1 0 1753.10
11 156.13 152.73 154.43 -3.40 1 0 1427.54
8 155.00 153.87 154.44 -1.13 1 0 786.53
4 153.87 152.73 153.30 -1.14 0 1 593.40
1 151.60 155.00 153.30 3.40 0 1 2292.95
11 156.13 152.73 154.43 -3.40 0 1 1204.99
9 155.00 156.13 155.57 1.13 1 0 1024.54
6 153.87 157.27 155.57 3.40 0 1 3550.05
7 155.00 151.60 153.30 -3.40 0 1 1254.72
8 155.00 153.87 154.44 -1.13 0 1 1518.18
4 153.87 152.73 153.30 -1.14 0 1 861.14
3 152.73 156.13 154.43 3.40 0 1 956.99
15 157.27 156.13 156.70 -1.14 1 0 627.60
12 156.13 155.00 155.57 -1.13 1 0 1068.10
1 151.60 155.00 153.30 3.40 0 1 764.80
10 155.00 158.40 156.70 3.40 1 0 1241.46
14 157.27 153.87 155.57 -3.40 1 0 891.03
16 158.40 155.00 156.70 -3.40 1 0 1726.33
2 152.73 153.87 153.30 1.14 0 1 2399.21
13 156.13 157.27 156.70 1.14 1 0 968.23
5 153.87 155.00 154.44 1.13 0 1 2037.11
