11 156.13 152.73 154.43 -3.40 1 0 14492.40
13 156.13 157.27 156.70 1.14 1 0 1865.94
5 153.87 155.00 154.44 1.13 0 1 3432.66
2 152.73 153.87 153.30 1.14 0 1 1057.17
3 152.73 156.13 154.43 3.40 0 1 343.77
8 155.00 153.87 154.44 -1.13 1 0 290.80
7 155.00 151.60 153.30 -3.40 1 0 1071.86
14 157.27 153.87 155.57 -3.40 0 1 1309.21
4 153.87 152.73 153.30 -1.14 1 0 1528.99
1 151.60 155.00 153.30 3.40 0 1 1879.24
12 156.13 155.00 155.57 -1.13 1 0 428.52
10 155.00 158.40 156.70 3.40 1 0 773.42
6 153.87 157.27 155.57 3.40 0 1 2169.54
9 155.00 156.13 155.57 1.13 0 1 4709.76
15 157.27 156.13 156.70 -1.14 0 1 792.90
16 158.40 155.00 156.70 -3.40 1 0 1207.27
10 155.00 158.40 156.70 3.40 1 0 1270.29
14 157.27 153.87 155.57 -3.40 1 0 627.07
8 155.00 153.87 154.44 -1.13 1 0 598.05
9 155.00 156.13 155.57 1.13 0 1 884.75
4 153.87 152.73 153.30 -1.14 1 0 864.85
11 156.13 152.73 154.43 -3.40 0 1 590.34
15 157.27 156.13 156.70 -1.14 1 0 399.79
13 156.13 157.27 156.70 1.14 0 1 286.32
2 152.73 153.87 153.30 1.14 0 1 538.62
1 151.60 155.00 153.30 3.40 1 0 358.36
6 153.87 157.27 155.57 3.40 0 1 913.26
3 152.73 156.13 154.43 3.40 0 1 545.16
7 155.00 151.60 153.30 -3.40 1 0 307.20
5 153.87 155.00 154.44 1.13 0 1 331.18
12 156.13 155.00 155.57 -1.13 1 0 267.71
16 158.40 155.00 156.70 -3.40 0 1 943.93
10 155.00 158.40 156.70 3.40 1 0 288.83
4 153.87 152.73 153.30 -1.14 1 0 401.55
3 152.73 156.13 154.43 3.40 0 1 530.23
6 153.87 157.27 155.57 3.40 0 1 284.85
5 153.87 155.00 154.44 1.13 1 0 312.48
9 155.00 156.13 155.57 1.13 0 1 389.20
11 156.13 152.73 154.43 -3.40 1 0 337.84
2 152.73 153.87 153.30 1.14 0 1 261.80
15 157.27 156.13 156.70 -1.14 0 1 868.36
14 157.27 153.87 155.57 -3.40 0 1 592.49
7 155.00 151.60 153.30 -3.40 1 0 354.36
12 156.13 155.00 155.57 -1.13 0 1 380.06
13 156.13 157.27 156.70 1.14 1 0 409.16
8 155.00 153.87 154.44 -1.13 0 1 313.74
1 151.60 155.00 153.30 3.40 1 0 327.26
16 158.40 155.00 156.70 -3.40 0 1 454.99
16 158.40 155.00 156.70 -3.40 0 1 563.32
14 157.27 153.87 155.57 -3.40 0 1 626.08
13 156.13 157.27 156.70 1.14 1 0 359.18
9 155.00 156.13 155.57 1.13 1 0 400.50
7 155.00 151.60 153.30 -3.40 1 0 264.95
3 152.73 156.13 154.43 3.40 0 1 351.10
11 156.13 152.73 154.43 -3.40 0 1 288.78
5 153.87 155.00 154.44 1.13 0 1 423.68
2 152.73 153.87 153.30 1.14 0 1 276.92
10 155.00 158.40 156.70 3.40 0 1 330.32
6 153.87 157.27 155.57 3.40 0 1 368.13
15 157.27 156.13 156.70 -1.14 0 1 356.40
8 155.00 153.87 154.44 -1.13 1 0 423.15
12 156.13 155.00 155.57 -1.13 0 1 285.88
1 151.60 155.00 153.30 3.40 0 1 495.96
4 153.87 152.73 153.30 -1.14 1 0 429.06
13 156.13 157.27 156.70 1.14 0 1 365.04
2 152.73 153.87 153.30 1.14 0 1 365.64
7 155.00 151.60 153.30 -3.40 1 0 447.23
5 153.87 155.00 154.44 1.13 0 1 301.29
12 156.13 155.00 155.57 -1.13 1 0 373.81
3 152.73 156.13 154.43 3.40 0 1 306.58
9 155.00 156.13 155.57 1.13 1 0 365.02
10 155.00 158.40 156.70 3.40 0 1 291.25
1 151.60 155.00 153.30 3.40 1 0 301.97
8 155.00 153.87 154.44 -1.13 0 1 538.97
11 156.13 152.73 154.43 -3.40 1 0 498.25
14 157.27 153.87 155.57 -3.40 0 1 421.33
6 153.87 157.27 155.57 3.40 1 0 360.97
16 158.40 155.00 156.70 -3.40 0 1 295.78
15 157.27 156.13 156.70 -1.14 1 0 244.17
4 153.87 152.73 153.30 -1.14 0 1 275.33
13 156.13 157.27 156.70 1.14 1 0 293.49
6 153.87 157.27 155.57 3.40 1 0 259.76
11 156.13 152.73 154.43 -3.40 1 0 346.65
2 152.73 153.87 153.30 1.14 0 1 299.24
12 156.13 155.00 155.57 -1.13 1 0 510.02
8 155.00 153.87 154.44 -1.13 1 0 316.27
15 157.27 156.13 156.70 -1.14 1 0 290.60
5 153.87 155.00 154.44 1.13 0 1 231.10
7 155.00 151.60 153.30 -3.40 0 1 242.82
3 152.73 156.13 154.43 3.40 1 0 383.39
9 155.00 156.13 155.57 1.13 0 1 237.66
14 157.27 153.87 155.57 -3.40 1 0 253.82
10 155.00 158.40 156.70 3.40 1 0 272.64
1 151.60 155.00 153.30 3.40 1 0 295.86
16 158.40 155.00 156.70 -3.40 0 1 371.66
4 153.87 152.73 153.30 -1.14 0 1 361.59
1 151.60 155.00 153.30 3.40 0 1 280.01
14 157.27 153.87 155.57 -3.40 0 1 333.77
5 153.87 155.00 154.44 1.13 1 0 443.07
11 156.13 152.73 154.43 -3.40 0 1 382.45
6 153.87 157.27 155.57 3.40 1 0 284.45
13 156.13 157.27 156.70 1.14 0 1 329.38
15 157.27 156.13 156.70 -1.14 1 0 312.02
7 155.00 151.60 153.30 -3.40 1 0 339.46
3 152.73 156.13 154.43 3.40 0 1 269.31
10 155.00 158.40 156.70 3.40 0 1 283.55
2 152.73 153.87 153.30 1.14 0 1 355.58
9 155.00 156.13 155.57 1.13 1 0 310.73
8 155.00 153.87 154.44 -1.13 1 0 355.68
4 153.87 152.73 153.30 -1.14 1 0 458.09
12 156.13 155.00 155.57 -1.13 1 0 278.21
16 158.40 155.00 156.70 -3.40 0 1 306.07
3 152.73 156.13 154.43 3.40 0 1 210.60
12 156.13 155.00 155.57 -1.13 0 1 234.32
13 156.13 157.27 156.70 1.14 0 1 1953.03
4 153.87 152.73 153.30 -1.14 0 1 549.88
7 155.00 151.60 153.30 -3.40 1 0 313.32
1 151.60 155.00 153.30 3.40 0 1 461.95
6 153.87 157.27 155.57 3.40 0 1 251.60
8 155.00 153.87 154.44 -1.13 0 1 316.43
10 155.00 158.40 156.70 3.40 0 1 295.49
9 155.00 156.13 155.57 1.13 0 1 246.02
15 157.27 156.13 156.70 -1.14 0 1 278.61
14 157.27 153.87 155.57 -3.40 0 1 351.13
2 152.73 153.87 153.30 1.14 1 0 981.32
11 156.13 152.73 154.43 -3.40 0 1 439.91
5 153.87 155.00 154.44 1.13 0 1 318.95
16 158.40 155.00 156.70 -3.40 0 1 293.58
4 153.87 152.73 153.30 -1.14 0 1 351.34
5 153.87 155.00 154.44 1.13 1 0 284.01
7 155.00 151.60 153.30 -3.40 1 0 515.34
12 156.13 155.00 155.57 -1.13 0 1 262.04
9 155.00 156.13 155.57 1.13 0 1 305.97
8 155.00 153.87 154.44 -1.13 0 1 267.20
15 157.27 156.13 156.70 -1.14 0 1 343.36
1 151.60 155.00 153.30 3.40 0 1 341.68
11 156.13 152.73 154.43 -3.40 1 0 715.17
3 152.73 156.13 154.43 3.40 0 1 327.08
16 158.40 155.00 156.70 -3.40 0 1 448.09
6 153.87 157.27 155.57 3.40 1 0 301.17
10 155.00 158.40 156.70 3.40 0 1 341.07
2 152.73 153.87 153.30 1.14 0 1 387.02
14 157.27 153.87 155.57 -3.40 0 1 414.23
13 156.13 157.27 156.70 1.14 0 1 446.93
16 158.40 155.00 156.70 -3.40 0 1 440.93
10 155.00 158.40 156.70 3.40 1 0 338.23
13 156.13 157.27 156.70 1.14 0 1 300.44
12 156.13 155.00 155.57 -1.13 0 1 339.04
11 156.13 152.73 154.43 -3.40 0 1 288.44
15 157.27 156.13 156.70 -1.14 0 1 289.13
9 155.00 156.13 155.57 1.13 0 1 413.00
7 155.00 151.60 153.30 -3.40 0 1 547.84
8 155.00 153.87 154.44 -1.13 1 0 278.92
3 152.73 156.13 154.43 3.40 0 1 314.75
2 152.73 153.87 153.30 1.14 1 0 248.86
5 153.87 155.00 154.44 1.13 0 1 328.47
6 153.87 157.27 155.57 3.40 0 1 340.07
4 153.87 152.73 153.30 -1.14 0 1 328.24
1 151.60 155.00 153.30 3.40 0 1 2122.05
14 157.27 153.87 155.57 -3.40 0 1 682.81
12 156.13 155.00 155.57 -1.13 0 1 331.71
13 156.13 157.27 156.70 1.14 1 0 322.11
4 153.87 152.73 153.30 -1.14 0 1 398.17
2 152.73 153.87 153.30 1.14 0 1 305.89
10 155.00 158.40 156.70 3.40 0 1 338.66
3 152.73 156.13 154.43 3.40 0 1 55.10
15 157.27 156.13 156.70 -1.14 1 0 2145.62
8 155.00 153.87 154.44 -1.13 1 0 365.20
5 153.87 155.00 154.44 1.13 1 0 946.68
7 155.00 151.60 153.30 -3.40 1 0 311.40
9 155.00 156.13 155.57 1.13 1 0 368.18
11 156.13 152.73 154.43 -3.40 1 0 318.10
16 158.40 155.00 156.70 -3.40 1 0 321.34
1 151.60 155.00 153.30 3.40 1 0 351.65
14 157.27 153.87 155.57 -3.40 1 0 308.02
6 153.87 157.27 155.57 3.40 1 0 359.17
11 156.13 152.73 154.43 -3.40 1 0 301.18
5 153.87 155.00 154.44 1.13 0 1 355.26
15 157.27 156.13 156.70 -1.14 1 0 317.17
4 153.87 152.73 153.30 -1.14 0 1 246.91
12 156.13 155.00 155.57 -1.13 1 0 239.66
8 155.00 153.87 154.44 -1.13 0 1 278.86
6 153.87 157.27 155.57 3.40 1 0 630.47
2 152.73 153.87 153.30 1.14 0 1 350.47
13 156.13 157.27 156.70 1.14 0 1 270.48
10 155.00 158.40 156.70 3.40 1 0 263.56
3 152.73 156.13 154.43 3.40 1 0 13.73
7 155.00 151.60 153.30 -3.40 0 1 254.26
1 151.60 155.00 153.30 3.40 1 0 231.37
16 158.40 155.00 156.70 -3.40 1 0 442.62
9 155.00 156.13 155.57 1.13 0 1 340.99
14 157.27 153.87 155.57 -3.40 1 0 254.17
7 155.00 151.60 153.30 -3.40 1 0 327.15
12 156.13 155.00 155.57 -1.13 1 0 1995.00
3 152.73 156.13 154.43 3.40 1 0 1101.51
2 152.73 153.87 153.30 1.14 1 0 352.73
6 153.87 157.27 155.57 3.40 1 0 257.73
13 156.13 157.27 156.70 1.14 1 0 285.44
16 158.40 155.00 156.70 -3.40 1 0 241.61
10 155.00 158.40 156.70 3.40 1 0 260.03
15 157.27 156.13 156.70 -1.14 1 0 276.21
14 157.27 153.87 155.57 -3.40 0 1 258.70
5 153.87 155.00 154.44 1.13 1 0 751.46
8 155.00 153.87 154.44 -1.13 1 0 234.46
9 155.00 156.13 155.57 1.13 1 0 270.47
11 156.13 152.73 154.43 -3.40 1 0 375.72
4 153.87 152.73 153.30 -1.14 1 0 321.78
1 151.60 155.00 153.30 3.40 0 1 294.43
3 152.73 156.13 154.43 3.40 1 0 276.91
11 156.13 152.73 154.43 -3.40 1 0 343.57
9 155.00 156.13 155.57 1.13 1 0 273.96
13 156.13 157.27 156.70 1.14 1 0 285.82
5 153.87 155.00 154.44 1.13 1 0 294.04
14 157.27 153.87 155.57 -3.40 1 0 345.51
16 158.40 155.00 156.70 -3.40 1 0 351.87
15 157.27 156.13 156.70 -1.14 1 0 368.71
2 152.73 153.87 153.30 1.14 1 0 342.49
4 153.87 152.73 153.30 -1.14 1 0 489.89
1 151.60 155.00 153.30 3.40 0 1 365.87
12 156.13 155.00 155.57 -1.13 1 0 364.71
7 155.00 151.60 153.30 -3.40 0 1 418.43
6 153.87 157.27 155.57 3.40 0 1 308.03
8 155.00 153.87 154.44 -1.13 0 1 362.58
10 155.00 158.40 156.70 3.40 0 1 359.23
6 153.87 157.27 155.57 3.40 1 0 309.39
9 155.00 156.13 155.57 1.13 1 0 368.55
5 153.87 155.00 154.44 1.13 1 0 331.02
3 152.73 156.13 154.43 3.40 1 0 347.51
11 156.13 152.73 154.43 -3.40 1 0 343.01
13 156.13 157.27 156.70 1.14 1 0 357.44
15 157.27 156.13 156.70 -1.14 1 0 293.37
12 156.13 155.00 155.57 -1.13 1 0 342.28
10 155.00 158.40 156.70 3.40 1 0 397.28
14 157.27 153.87 155.57 -3.40 1 0 378.90
2 152.73 153.87 153.30 1.14 1 0 562.84
4 153.87 152.73 153.30 -1.14 1 0 344.16
7 155.00 151.60 153.30 -3.40 1 0 376.57
1 151.60 155.00 153.30 3.40 1 0 359.44
16 158.40 155.00 156.70 -3.40 1 0 388.70
8 155.00 153.87 154.44 -1.13 1 0 568.87
6 153.87 157.27 155.57 3.40 0 1 340.76
3 152.73 156.13 154.43 3.40 0 1 354.22
13 156.13 157.27 156.70 1.14 0 1 373.32
9 155.00 156.13 155.57 1.13 0 1 380.42
15 157.27 156.13 156.70 -1.14 0 1 313.70
16 158.40 155.00 156.70 -3.40 1 0 339.23
7 155.00 151.60 153.30 -3.40 1 0 413.44
4 153.87 152.73 153.30 -1.14 1 0 285.88
8 155.00 153.87 154.44 -1.13 1 0 263.30
5 153.87 155.00 154.44 1.13 1 0 337.22
11 156.13 152.73 154.43 -3.40 1 0 246.17
12 156.13 155.00 155.57 -1.13 1 0 426.72
10 155.00 158.40 156.70 3.40 1 0 352.29
2 152.73 153.87 153.30 1.14 1 0 578.42
14 157.27 153.87 155.57 -3.40 1 0 285.33
1 151.60 155.00 153.30 3.40 1 0 443.12
10 155.00 158.40 156.70 3.40 0 1 258.46
11 156.13 152.73 154.43 -3.40 0 1 276.37
15 157.27 156.13 156.70 -1.14 0 1 297.11
9 155.00 156.13 155.57 1.13 0 1 330.36
5 153.87 155.00 154.44 1.13 0 1 296.90
2 152.73 153.87 153.30 1.14 1 0 228.12
12 156.13 155.00 155.57 -1.13 1 0 314.93
3 152.73 156.13 154.43 3.40 1 0 352.05
13 156.13 157.27 156.70 1.14 1 0 260.54
14 157.27 153.87 155.57 -3.40 1 0 377.28
16 158.40 155.00 156.70 -3.40 1 0 417.48
4 153.87 152.73 153.30 -1.14 1 0 283.11
1 151.60 155.00 153.30 3.40 1 0 386.24
6 153.87 157.27 155.57 3.40 1 0 397.84
7 155.00 151.60 153.30 -3.40 1 0 428.43
8 155.00 153.87 154.44 -1.13 1 0 385.27
2 152.73 153.87 153.30 1.14 1 0 520.44
7 155.00 151.60 153.30 -3.40 1 0 744.52
6 153.87 157.27 155.57 3.40 1 0 477.99
5 153.87 155.00 154.44 1.13 1 0 1866.75
13 156.13 157.27 156.70 1.14 1 0 637.32
8 155.00 153.87 154.44 -1.13 1 0 380.16
11 156.13 152.73 154.43 -3.40 0 1 424.76
15 157.27 156.13 156.70 -1.14 0 1 399.17
3 152.73 156.13 154.43 3.40 0 1 686.29
9 155.00 156.13 155.57 1.13 1 0 356.58
14 157.27 153.87 155.57 -3.40 0 1 231.42
4 153.87 152.73 153.30 -1.14 1 0 225.78
10 155.00 158.40 156.70 3.40 0 1 273.85
1 151.60 155.00 153.30 3.40 1 0 238.58
12 156.13 155.00 155.57 -1.13 1 0 276.46
16 158.40 155.00 156.70 -3.40 1 0 259.14
