13 156.13 157.27 156.70 1.14 0 1 1425.23
15 157.27 156.13 156.70 -1.14 0 1 2538.56
3 152.73 156.13 154.43 3.40 0 1 2151.79
10 155.00 158.40 156.70 3.40 0 1 2289.84
2 152.73 153.87 153.30 1.14 0 1 4520.29
5 153.87 155.00 154.44 1.13 0 1 4497.83
9 155.00 156.13 155.57 1.13 0 1 3045.68
16 158.40 155.00 156.70 -3.40 0 1 2357.93
8 155.00 153.87 154.44 -1.13 0 1 1162.28
7 155.00 151.60 153.30 -3.40 0 1 1091.81
11 156.13 152.73 154.43 -3.40 0 1 889.07
14 157.27 153.87 155.57 -3.40 0 1 1039.82
12 156.13 155.00 155.57 -1.13 0 1 902.23
4 153.87 152.73 153.30 -1.14 0 1 1242.33
1 151.60 155.00 153.30 3.40 0 1 593.61
6 153.87 157.27 155.57 3.40 0 1 1401.36
15 157.27 156.13 156.70 -1.14 0 1 3418.71
2 152.73 153.87 153.30 1.14 0 1 2173.55
8 155.00 153.87 154.44 -1.13 0 1 2508.61
7 155.00 151.60 153.30 -3.40 0 1 1396.61
12 156.13 155.00 155.57 -1.13 0 1 3166.81
13 156.13 157.27 156.70 1.14 0 1 2147.73
4 153.87 152.73 153.30 -1.14 0 1 2394.27
11 156.13 152.73 154.43 -3.40 0 1 1081.69
5 153.87 155.00 154.44 1.13 0 1 884.55
3 152.73 156.13 154.43 3.40 0 1 1022.88
6 153.87 157.27 155.57 3.40 0 1 1477.05
10 155.00 158.40 156.70 3.40 0 1 2048.54
9 155.00 156.13 155.57 1.13 0 1 2618.87
14 157.27 153.87 155.57 -3.40 0 1 1374.04
1 151.60 155.00 153.30 3.40 0 1 1782.69
16 158.40 155.00 156.70 -3.40 0 1 1034.29
2 152.73 153.87 153.30 1.14 0 1 770.51
8 155.00 153.87 154.44 -1.13 0 1 604.26
3 152.73 156.13 154.43 3.40 0 1 857.61
15 157.27 156.13 156.70 -1.14 1 0 1612.33
1 151.60 155.00 153.30 3.40 0 1 863.54
13 156.13 157.27 156.70 1.14 0 1 1978.92
14 157.27 153.87 155.57 -3.40 0 1 690.43
7 155.00 151.60 153.30 -3.40 0 1 524.84
5 153.87 155.00 154.44 1.13 0 1 686.85
4 153.87 152.73 153.30 -1.14 0 1 582.15
10 155.00 158.40 156.70 3.40 0 1 952.31
9 155.00 156.13 155.57 1.13 0 1 1183.78
6 153.87 157.27 155.57 3.40 0 1 1193.89
11 156.13 152.73 154.43 -3.40 0 1 1896.40
12 156.13 155.00 155.57 -1.13 0 1 1047.71
16 158.40 155.00 156.70 -3.40 0 1 872.23
8 155.00 153.87 154.44 -1.13 0 1 795.74
3 152.73 156.13 154.43 3.40 0 1 1079.72
5 153.87 155.00 154.44 1.13 0 1 565.60
7 155.00 151.60 153.30 -3.40 0 1 1221.78
10 155.00 158.40 156.70 3.40 0 1 1207.58
12 156.13 155.00 155.57 -1.13 0 1 683.07
4 153.87 152.73 153.30 -1.14 0 1 624.81
6 153.87 157.27 155.57 3.40 0 1 1399.98
9 155.00 156.13 155.57 1.13 0 1 560.46
2 152.73 153.87 153.30 1.14 0 1 791.89
13 156.13 157.27 156.70 1.14 0 1 1147.94
1 151.60 155.00 153.30 3.40 0 1 898.25
15 157.27 156.13 156.70 -1.14 0 1 879.77
11 156.13 152.73 154.43 -3.40 0 1 900.56
16 158.40 155.00 156.70 -3.40 0 1 1114.78
14 157.27 153.87 155.57 -3.40 0 1 1561.92
15 157.27 156.13 156.70 -1.14 0 1 1596.84
13 156.13 157.27 156.70 1.14 0 1 850.32
2 152.73 153.87 153.30 1.14 0 1 522.61
5 153.87 155.00 154.44 1.13 0 1 893.26
6 153.87 157.27 155.57 3.40 0 1 995.65
11 156.13 152.73 154.43 -3.40 0 1 1631.45
3 152.73 156.13 154.43 3.40 0 1 795.78
12 156.13 155.00 155.57 -1.13 0 1 687.17
8 155.00 153.87 154.44 -1.13 0 1 783.75
14 157.27 153.87 155.57 -3.40 0 1 1452.25
4 153.87 152.73 153.30 -1.14 0 1 961.51
1 151.60 155.00 153.30 3.40 0 1 1815.40
9 155.00 156.13 155.57 1.13 0 1 1374.26
10 155.00 158.40 156.70 3.40 0 1 1546.79
16 158.40 155.00 156.70 -3.40 0 1 1173.08
7 155.00 151.60 153.30 -3.40 0 1 339.24
13 156.13 157.27 156.70 1.14 0 1 646.11
2 152.73 153.87 153.30 1.14 0 1 558.22
3 152.73 156.13 154.43 3.40 0 1 914.51
4 153.87 152.73 153.30 -1.14 0 1 782.93
7 155.00 151.60 153.30 -3.40 0 1 774.22
9 155.00 156.13 155.57 1.13 0 1 834.70
11 156.13 152.73 154.43 -3.40 0 1 662.85
10 155.00 158.40 156.70 3.40 0 1 1039.10
5 153.87 155.00 154.44 1.13 0 1 1112.39
1 151.60 155.00 153.30 3.40 0 1 979.52
16 158.40 155.00 156.70 -3.40 0 1 1434.20
8 155.00 153.87 154.44 -1.13 0 1 1046.18
6 153.87 157.27 155.57 3.40 0 1 922.23
15 157.27 156.13 156.70 -1.14 0 1 815.94
12 156.13 155.00 155.57 -1.13 0 1 611.96
14 157.27 153.87 155.57 -3.40 0 1 548.82
11 156.13 152.73 154.43 -3.40 0 1 660.89
4 153.87 152.73 153.30 -1.14 0 1 642.34
7 155.00 151.60 153.30 -3.40 0 1 653.68
8 155.00 153.87 154.44 -1.13 0 1 633.50
16 158.40 155.00 156.70 -3.40 0 1 1056.77
3 152.73 156.13 154.43 3.40 0 1 1094.31
14 157.27 153.87 155.57 -3.40 0 1 1094.77
10 155.00 158.40 156.70 3.40 0 1 1082.74
5 153.87 155.00 154.44 1.13 0 1 906.33
13 156.13 157.27 156.70 1.14 0 1 992.93
12 156.13 155.00 155.57 -1.13 0 1 1146.30
6 153.87 157.27 155.57 3.40 0 1 1807.76
15 157.27 156.13 156.70 -1.14 0 1 1620.49
1 151.60 155.00 153.30 3.40 0 1 1823.52
2 152.73 153.87 153.30 1.14 0 1 1580.89
9 155.00 156.13 155.57 1.13 1 0 2387.22
11 156.13 152.73 154.43 -3.40 0 1 1867.26
7 155.00 151.60 153.30 -3.40 1 0 1900.31
13 156.13 157.27 156.70 1.14 1 0 2895.49
12 156.13 155.00 155.57 -1.13 1 0 3158.71
16 158.40 155.00 156.70 -3.40 1 0 2559.11
9 155.00 156.13 155.57 1.13 0 1 2218.30
6 153.87 157.27 155.57 3.40 0 1 2091.42
3 152.73 156.13 154.43 3.40 0 1 1649.34
10 155.00 158.40 156.70 3.40 0 1 1491.81
2 152.73 153.87 153.30 1.14 0 1 1299.01
5 153.87 155.00 154.44 1.13 1 0 2085.41
8 155.00 153.87 154.44 -1.13 1 0 1806.12
14 157.27 153.87 155.57 -3.40 1 0 2600.93
15 157.27 156.13 156.70 -1.14 0 1 1366.20
4 153.87 152.73 153.30 -1.14 1 0 1669.67
1 151.60 155.00 153.30 3.40 0 1 1629.03
10 155.00 158.40 156.70 3.40 0 1 1551.66
7 155.00 151.60 153.30 -3.40 1 0 1329.33
15 157.27 156.13 156.70 -1.14 1 0 3394.36
1 151.60 155.00 153.30 3.40 1 0 1884.76
8 155.00 153.87 154.44 -1.13 0 1 2137.72
13 156.13 157.27 156.70 1.14 0 1 1878.25
6 153.87 157.27 155.57 3.40 1 0 2807.56
2 152.73 153.87 153.30 1.14 0 1 1529.64
4 153.87 152.73 153.30 -1.14 0 1 2525.01
12 156.13 155.00 155.57 -1.13 0 1 1263.17
3 152.73 156.13 154.43 3.40 0 1 965.47
5 153.87 155.00 154.44 1.13 0 1 1796.54
11 156.13 152.73 154.43 -3.40 0 1 2400.55
9 155.00 156.13 155.57 1.13 0 1 1109.80
14 157.27 153.87 155.57 -3.40 0 1 1240.24
16 158.40 155.00 156.70 -3.40 0 1 1620.23
4 153.87 152.73 153.30 -1.14 0 1 2158.78
3 152.73 156.13 154.43 3.40 0 1 920.72
2 152.73 153.87 153.30 1.14 0 1 756.10
7 155.00 151.60 153.30 -3.40 0 1 733.36
8 155.00 153.87 154.44 -1.13 0 1 742.31
6 153.87 157.27 155.57 3.40 0 1 1135.90
12 156.13 155.00 155.57 -1.13 0 1 1600.12
10 155.00 158.40 156.70 3.40 0 1 2981.84
13 156.13 157.27 156.70 1.14 0 1 1913.40
15 157.27 156.13 156.70 -1.14 0 1 1584.95
16 158.40 155.00 156.70 -3.40 0 1 1240.00
11 156.13 152.73 154.43 -3.40 0 1 2230.82
9 155.00 156.13 155.57 1.13 0 1 2149.70
14 157.27 153.87 155.57 -3.40 0 1 1961.93
5 153.87 155.00 154.44 1.13 0 1 2211.80
1 151.60 155.00 153.30 3.40 0 1 2879.49
6 153.87 157.27 155.57 3.40 0 1 1269.82
7 155.00 151.60 153.30 -3.40 0 1 2389.16
5 153.87 155.00 154.44 1.13 0 1 1794.19
4 153.87 152.73 153.30 -1.14 1 0 2527.67
13 156.13 157.27 156.70 1.14 0 1 1838.84
14 157.27 153.87 155.57 -3.40 0 1 1217.06
12 156.13 155.00 155.57 -1.13 0 1 2036.18
15 157.27 156.13 156.70 -1.14 0 1 2330.93
11 156.13 152.73 154.43 -3.40 0 1 1141.53
8 155.00 153.87 154.44 -1.13 0 1 978.24
16 158.40 155.00 156.70 -3.40 0 1 1892.93
9 155.00 156.13 155.57 1.13 0 1 1688.50
10 155.00 158.40 156.70 3.40 0 1 1890.01
3 152.73 156.13 154.43 3.40 0 1 2272.44
2 152.73 153.87 153.30 1.14 0 1 2543.28
1 151.60 155.00 153.30 3.40 0 1 1323.64
14 157.27 153.87 155.57 -3.40 0 1 1699.60
10 155.00 158.40 156.70 3.40 0 1 1526.29
16 158.40 155.00 156.70 -3.40 1 0 3072.98
9 155.00 156.13 155.57 1.13 0 1 2631.68
8 155.00 153.87 154.44 -1.13 0 1 3459.29
13 156.13 157.27 156.70 1.14 0 1 1365.37
4 153.87 152.73 153.30 -1.14 0 1 2035.06
15 157.27 156.13 156.70 -1.14 0 1 2479.53
12 156.13 155.00 155.57 -1.13 0 1 875.65
5 153.87 155.00 154.44 1.13 0 1 1952.33
11 156.13 152.73 154.43 -3.40 0 1 1297.13
2 152.73 153.87 153.30 1.14 0 1 1266.34
1 151.60 155.00 153.30 3.40 0 1 2060.27
3 152.73 156.13 154.43 3.40 0 1 2898.78
6 153.87 157.27 155.57 3.40 0 1 1636.16
7 155.00 151.60 153.30 -3.40 1 0 2382.74
4 153.87 152.73 153.30 -1.14 0 1 2746.07
15 157.27 156.13 156.70 -1.14 0 1 1850.87
2 152.73 153.87 153.30 1.14 0 1 1210.59
3 152.73 156.13 154.43 3.40 0 1 3046.79
10 155.00 158.40 156.70 3.40 0 1 2020.74
12 156.13 155.00 155.57 -1.13 0 1 2071.90
14 157.27 153.87 155.57 -3.40 0 1 1420.06
16 158.40 155.00 156.70 -3.40 0 1 998.65
13 156.13 157.27 156.70 1.14 0 1 910.38
9 155.00 156.13 155.57 1.13 0 1 913.91
7 155.00 151.60 153.30 -3.40 1 0 1804.70
1 151.60 155.00 153.30 3.40 0 1 1140.31
6 153.87 157.27 155.57 3.40 0 1 1416.28
5 153.87 155.00 154.44 1.13 0 1 1019.85
8 155.00 153.87 154.44 -1.13 0 1 1101.61
11 156.13 152.73 154.43 -3.40 1 0 1723.01
1 151.60 155.00 153.30 3.40 1 0 1478.06
14 157.27 153.87 155.57 -3.40 0 1 1581.21
9 155.00 156.13 155.57 1.13 0 1 2354.65
6 153.87 157.27 155.57 3.40 1 0 2000.44
8 155.00 153.87 154.44 -1.13 0 1 1500.73
2 152.73 153.87 153.30 1.14 0 1 1215.93
4 153.87 152.73 153.30 -1.14 1 0 3147.41
11 156.13 152.73 154.43 -3.40 0 1 1171.05
3 152.73 156.13 154.43 3.40 0 1 1260.14
16 158.40 155.00 156.70 -3.40 0 1 1645.41
12 156.13 155.00 155.57 -1.13 0 1 1587.54
5 153.87 155.00 154.44 1.13 0 1 2886.25
7 155.00 151.60 153.30 -3.40 0 1 1199.46
13 156.13 157.27 156.70 1.14 0 1 2493.94
15 157.27 156.13 156.70 -1.14 0 1 1503.99
10 155.00 158.40 156.70 3.40 0 1 1231.82
5 153.87 155.00 154.44 1.13 1 0 3186.77
3 152.73 156.13 154.43 3.40 0 1 2296.84
4 153.87 152.73 153.30 -1.14 1 0 2139.72
14 157.27 153.87 155.57 -3.40 0 1 1651.45
2 152.73 153.87 153.30 1.14 1 0 1759.80
8 155.00 153.87 154.44 -1.13 0 1 1002.80
1 151.60 155.00 153.30 3.40 0 1 1117.60
6 153.87 157.27 155.57 3.40 0 1 1050.26
16 158.40 155.00 156.70 -3.40 0 1 1317.80
9 155.00 156.13 155.57 1.13 0 1 1311.94
12 156.13 155.00 155.57 -1.13 0 1 1336.64
10 155.00 158.40 156.70 3.40 0 1 926.26
13 156.13 157.27 156.70 1.14 0 1 1524.71
15 157.27 156.13 156.70 -1.14 0 1 2515.82
11 156.13 152.73 154.43 -3.40 0 1 1497.76
7 155.00 151.60 153.30 -3.40 0 1 870.02
2 152.73 153.87 153.30 1.14 0 1 2736.84
13 156.13 157.27 156.70 1.14 1 0 1786.65
6 153.87 157.27 155.57 3.40 0 1 1771.00
10 155.00 158.40 156.70 3.40 0 1 2337.55
12 156.13 155.00 155.57 -1.13 0 1 1237.00
3 152.73 156.13 154.43 3.40 0 1 1221.31
9 155.00 156.13 155.57 1.13 0 1 1060.26
8 155.00 153.87 154.44 -1.13 0 1 902.58
14 157.27 153.87 155.57 -3.40 0 1 975.58
15 157.27 156.13 156.70 -1.14 0 1 1978.92
11 156.13 152.73 154.43 -3.40 0 1 1265.38
5 153.87 155.00 154.44 1.13 0 1 978.10
16 158.40 155.00 156.70 -3.40 0 1 2327.44
7 155.00 151.60 153.30 -3.40 0 1 980.30
4 153.87 152.73 153.30 -1.14 0 1 1000.06
1 151.60 155.00 153.30 3.40 0 1 1434.83
7 155.00 151.60 153.30 -3.40 0 1 902.68
11 156.13 152.73 154.43 -3.40 0 1 1051.90
12 156.13 155.00 155.57 -1.13 0 1 1301.43
9 155.00 156.13 155.57 1.13 0 1 2662.54
3 152.73 156.13 154.43 3.40 0 1 1380.12
10 155.00 158.40 156.70 3.40 1 0 1774.21
2 152.73 153.87 153.30 1.14 1 0 1174.34
4 153.87 152.73 153.30 -1.14 1 0 1282.38
6 153.87 157.27 155.57 3.40 1 0 4349.30
5 153.87 155.00 154.44 1.13 1 0 1270.12
14 157.27 153.87 155.57 -3.40 0 1 760.96
15 157.27 156.13 156.70 -1.14 1 0 1396.69
16 158.40 155.00 156.70 -3.40 0 1 2170.96
13 156.13 157.27 156.70 1.14 0 1 1664.32
8 155.00 153.87 154.44 -1.13 0 1 1048.38
1 151.60 155.00 153.30 3.40 0 1 731.86
5 153.87 155.00 154.44 1.13 0 1 1502.21
6 153.87 157.27 155.57 3.40 0 1 1027.88
11 156.13 152.73 154.43 -3.40 0 1 877.07
15 157.27 156.13 156.70 -1.14 1 0 1580.01
8 155.00 153.87 154.44 -1.13 1 0 1955.19
12 156.13 155.00 155.57 -1.13 1 0 1357.25
3 152.73 156.13 154.43 3.40 1 0 1192.43
4 153.87 152.73 153.30 -1.14 0 1 1210.17
2 152.73 153.87 153.30 1.14 0 1 972.51
13 156.13 157.27 156.70 1.14 0 1 1017.42
14 157.27 153.87 155.57 -3.40 0 1 952.55
9 155.00 156.13 155.57 1.13 1 0 1464.56
7 155.00 151.60 153.30 -3.40 1 0 1382.02
1 151.60 155.00 153.30 3.40 1 0 1337.59
10 155.00 158.40 156.70 3.40 1 0 1339.86
16 158.40 155.00 156.70 -3.40 0 1 1634.34
