14 157.27 153.87 155.57 -3.40 1 0 2159.17
7 155.00 151.60 153.30 -3.40 0 1 556.73
10 155.00 158.40 156.70 3.40 1 0 321.23
15 157.27 156.13 156.70 -1.14 1 0 622.25
11 156.13 152.73 154.43 -3.40 1 0 728.02
4 153.87 152.73 153.30 -1.14 0 1 240.32
2 152.73 153.87 153.30 1.14 1 0 464.58
13 156.13 157.27 156.70 1.14 1 0 811.75
8 155.00 153.87 154.44 -1.13 0 1 528.91
12 156.13 155.00 155.57 -1.13 1 0 1360.84
16 158.40 155.00 156.70 -3.40 0 1 1008.58
5 153.87 155.00 154.44 1.13 1 0 454.63
9 155.00 156.13 155.57 1.13 0 1 426.46
3 152.73 156.13 154.43 3.40 1 0 561.54
6 153.87 157.27 155.57 3.40 1 0 561.17
1 151.60 155.00 153.30 3.40 1 0 440.55
11 156.13 152.73 154.43 -3.40 0 1 1046.73
8 155.00 153.87 154.44 -1.13 1 0 796.30
3 152.73 156.13 154.43 3.40 0 1 320.55
13 156.13 157.27 156.70 1.14 1 0 393.94
6 153.87 157.27 155.57 3.40 1 0 552.00
5 153.87 155.00 154.44 1.13 0 1 513.69
7 155.00 151.60 153.30 -3.40 1 0 364.94
9 155.00 156.13 155.57 1.13 1 0 301.04
15 157.27 156.13 156.70 -1.14 1 0 450.52
12 156.13 155.00 155.57 -1.13 0 1 306.11
2 152.73 153.87 153.30 1.14 1 0 235.73
1 151.60 155.00 153.30 3.40 1 0 357.62
10 155.00 158.40 156.70 3.40 1 0 364.10
14 157.27 153.87 155.57 -3.40 1 0 349.23
16 158.40 155.00 156.70 -3.40 1 0 260.73
4 153.87 152.73 153.30 -1.14 1 0 793.30
5 153.87 155.00 154.44 1.13 0 1 597.76
14 157.27 153.87 155.57 -3.40 1 0 417.45
10 155.00 158.40 156.70 3.40 1 0 413.38
9 155.00 156.13 155.57 1.13 1 0 469.10
13 156.13 157.27 156.70 1.14 1 0 517.84
4 153.87 152.73 153.30 -1.14 1 0 310.56
8 155.00 153.87 154.44 -1.13 0 1 311.29
7 155.00 151.60 153.30 -3.40 1 0 371.41
15 157.27 156.13 156.70 -1.14 1 0 485.39
11 156.13 152.73 154.43 -3.40 1 0 285.29
12 156.13 155.00 155.57 -1.13 1 0 242.07
6 153.87 157.27 155.57 3.40 1 0 445.40
3 152.73 156.13 154.43 3.40 1 0 264.54
2 152.73 153.87 153.30 1.14 1 0 412.80
1 151.60 155.00 153.30 3.40 1 0 298.35
16 158.40 155.00 156.70 -3.40 1 0 344.58
9 155.00 156.13 155.57 1.13 1 0 329.44
5 153.87 155.00 154.44 1.13 1 0 313.70
3 152.73 156.13 154.43 3.40 0 1 569.55
10 155.00 158.40 156.70 3.40 1 0 517.03
12 156.13 155.00 155.57 -1.13 0 1 340.50
2 152.73 153.87 153.30 1.14 1 0 307.82
11 156.13 152.73 154.43 -3.40 1 0 745.95
4 153.87 152.73 153.30 -1.14 1 0 450.93
15 157.27 156.13 156.70 -1.14 0 1 357.67
8 155.00 153.87 154.44 -1.13 1 0 277.48
14 157.27 153.87 155.57 -3.40 1 0 488.55
7 155.00 151.60 153.30 -3.40 1 0 850.16
6 153.87 157.27 155.57 3.40 1 0 413.35
13 156.13 157.27 156.70 1.14 1 0 424.81
1 151.60 155.00 153.30 3.40 1 0 459.74
16 158.40 155.00 156.70 -3.40 1 0 731.47
2 152.73 153.87 153.30 1.14 1 0 333.97
8 155.00 153.87 154.44 -1.13 1 0 414.50
10 155.00 158.40 156.70 3.40 1 0 359.85
11 156.13 152.73 154.43 -3.40 1 0 452.55
12 156.13 155.00 155.57 -1.13 1 0 328.98
7 155.00 151.60 153.30 -3.40 1 0 328.54
3 152.73 156.13 154.43 3.40 1 0 266.02
16 158.40 155.00 156.70 -3.40 1 0 299.15
5 153.87 155.00 154.44 1.13 1 0 627.79
15 157.27 156.13 156.70 -1.14 1 0 433.30
4 153.87 152.73 153.30 -1.14 1 0 285.60
6 153.87 157.27 155.57 3.40 1 0 291.84
1 151.60 155.00 153.30 3.40 1 0 346.40
13 156.13 157.27 156.70 1.14 0 1 730.59
14 157.27 153.87 155.57 -3.40 1 0 479.02
9 155.00 156.13 155.57 1.13 1 0 331.89
5 153.87 155.00 154.44 1.13 1 0 332.19
12 156.13 155.00 155.57 -1.13 1 0 479.13
15 157.27 156.13 156.70 -1.14 1 0 478.04
10 155.00 158.40 156.70 3.40 1 0 599.60
4 153.87 152.73 153.30 -1.14 1 0 500.39
2 152.73 153.87 153.30 1.14 0 1 490.52
14 157.27 153.87 155.57 -3.40 1 0 854.74
11 156.13 152.73 154.43 -3.40 1 0 499.61
13 156.13 157.27 156.70 1.14 0 1 331.78
7 155.00 151.60 153.30 -3.40 1 0 368.19
16 158.40 155.00 156.70 -3.40 1 0 573.31
6 153.87 157.27 155.57 3.40 1 0 648.66
9 155.00 156.13 155.57 1.13 1 0 409.83
8 155.00 153.87 154.44 -1.13 1 0 376.68
3 152.73 156.13 154.43 3.40 1 0 329.45
1 151.60 155.00 153.30 3.40 0 1 288.25
2 152.73 153.87 153.30 1.14 1 0 416.23
13 156.13 157.27 156.70 1.14 1 0 619.50
8 155.00 153.87 154.44 -1.13 1 0 679.83
7 155.00 151.60 153.30 -3.40 1 0 601.84
6 153.87 157.27 155.57 3.40 1 0 454.16
9 155.00 156.13 155.57 1.13 1 0 571.51
12 156.13 155.00 155.57 -1.13 1 0 733.03
14 157.27 153.87 155.57 -3.40 1 0 583.03
11 156.13 152.73 154.43 -3.40 1 0 640.71
16 158.40 155.00 156.70 -3.40 1 0 642.55
10 155.00 158.40 156.70 3.40 1 0 461.08
5 153.87 155.00 154.44 1.13 1 0 938.71
4 153.87 152.73 153.30 -1.14 1 0 624.42
15 157.27 156.13 156.70 -1.14 1 0 640.84
3 152.73 156.13 154.43 3.40 1 0 528.60
1 151.60 155.00 153.30 3.40 1 0 648.33
13 156.13 157.27 156.70 1.14 1 0 394.45
3 152.73 156.13 154.43 3.40 1 0 283.30
8 155.00 153.87 154.44 -1.13 1 0 571.22
5 153.87 155.00 154.44 1.13 1 0 574.42
7 155.00 151.60 153.30 -3.40 1 0 485.37
11 156.13 152.73 154.43 -3.40 1 0 343.25
4 153.87 152.73 153.30 -1.14 1 0 445.77
6 153.87 157.27 155.57 3.40 1 0 736.13
14 157.27 153.87 155.57 -3.40 1 0 387.61
16 158.40 155.00 156.70 -3.40 0 1 435.46
10 155.00 158.40 156.70 3.40 1 0 740.71
15 157.27 156.13 156.70 -1.14 0 1 552.01
12 156.13 155.00 155.57 -1.13 1 0 413.82
9 155.00 156.13 155.57 1.13 1 0 656.06
2 152.73 153.87 153.30 1.14 1 0 739.00
1 151.60 155.00 153.30 3.40 1 0 503.46
15 157.27 156.13 156.70 -1.14 0 1 647.58
11 156.13 152.73 154.43 -3.40 1 0 423.14
1 151.60 155.00 153.30 3.40 1 0 1267.71
4 153.87 152.73 153.30 -1.14 1 0 560.20
8 155.00 153.87 154.44 -1.13 0 1 1085.07
3 152.73 156.13 154.43 3.40 1 0 783.71
12 156.13 155.00 155.57 -1.13 1 0 631.31
6 153.87 157.27 155.57 3.40 1 0 370.83
13 156.13 157.27 156.70 1.14 1 0 1053.84
2 152.73 153.87 153.30 1.14 0 1 1081.39
10 155.00 158.40 156.70 3.40 1 0 616.98
5 153.87 155.00 154.44 1.13 1 0 532.81
14 157.27 153.87 155.57 -3.40 1 0 766.92
9 155.00 156.13 155.57 1.13 1 0 630.11
7 155.00 151.60 153.30 -3.40 1 0 545.36
16 158.40 155.00 156.70 -3.40 1 0 727.00
16 158.40 155.00 156.70 -3.40 1 0 561.32
3 152.73 156.13 154.43 3.40 0 1 899.13
4 153.87 152.73 153.30 -1.14 0 1 1404.34
1 151.60 155.00 153.30 3.40 0 1 912.81
10 155.00 158.40 156.70 3.40 0 1 802.81
7 155.00 151.60 153.30 -3.40 1 0 939.86
14 157.27 153.87 155.57 -3.40 1 0 817.30
9 155.00 156.13 155.57 1.13 1 0 652.49
8 155.00 153.87 154.44 -1.13 1 0 1419.09
15 157.27 156.13 156.70 -1.14 1 0 672.73
2 152.73 153.87 153.30 1.14 0 1 840.48
11 156.13 152.73 154.43 -3.40 1 0 858.69
5 153.87 155.00 154.44 1.13 0 1 1385.82
12 156.13 155.00 155.57 -1.13 1 0 687.58
6 153.87 157.27 155.57 3.40 1 0 880.98
13 156.13 157.27 156.70 1.14 1 0 798.67
10 155.00 158.40 156.70 3.40 1 0 724.47
12 156.13 155.00 155.57 -1.13 1 0 796.12
13 156.13 157.27 156.70 1.14 1 0 707.05
2 152.73 153.87 153.30 1.14 1 0 925.49
15 157.27 156.13 156.70 -1.14 1 0 580.45
8 155.00 153.87 154.44 -1.13 1 0 950.38
3 152.73 156.13 154.43 3.40 1 0 744.62
14 157.27 153.87 155.57 -3.40 1 0 596.87
7 155.00 151.60 153.30 -3.40 1 0 532.17
5 153.87 155.00 154.44 1.13 1 0 715.85
6 153.87 157.27 155.57 3.40 1 0 680.20
4 153.87 152.73 153.30 -1.14 1 0 673.33
11 156.13 152.73 154.43 -3.40 1 0 955.21
9 155.00 156.13 155.57 1.13 1 0 766.57
16 158.40 155.00 156.70 -3.40 1 0 797.71
1 151.60 155.00 153.30 3.40 0 1 1162.58
9 155.00 156.13 155.57 1.13 1 0 776.87
4 153.87 152.73 153.30 -1.14 0 1 2297.28
6 153.87 157.27 155.57 3.40 1 0 827.13
2 152.73 153.87 153.30 1.14 0 1 798.39
12 156.13 155.00 155.57 -1.13 1 0 356.16
13 156.13 157.27 156.70 1.14 1 0 696.28
15 157.27 156.13 156.70 -1.14 1 0 814.52
14 157.27 153.87 155.57 -3.40 1 0 1318.22
10 155.00 158.40 156.70 3.40 1 0 740.78
3 152.73 156.13 154.43 3.40 1 0 668.76
1 151.60 155.00 153.30 3.40 1 0 709.92
7 155.00 151.60 153.30 -3.40 0 1 1116.86
5 153.87 155.00 154.44 1.13 0 1 812.09
16 158.40 155.00 156.70 -3.40 1 0 716.90
11 156.13 152.73 154.43 -3.40 1 0 701.06
8 155.00 153.87 154.44 -1.13 1 0 1027.70
15 157.27 156.13 156.70 -1.14 1 0 672.07
1 151.60 155.00 153.30 3.40 0 1 916.98
10 155.00 158.40 156.70 3.40 0 1 1198.26
13 156.13 157.27 156.70 1.14 1 0 757.68
4 153.87 152.73 153.30 -1.14 1 0 795.61
12 156.13 155.00 155.57 -1.13 0 1 983.93
6 153.87 157.27 155.57 3.40 1 0 997.52
5 153.87 155.00 154.44 1.13 1 0 1337.45
7 155.00 151.60 153.30 -3.40 1 0 715.32
14 157.27 153.87 155.57 -3.40 1 0 639.85
16 158.40 155.00 156.70 -3.40 1 0 837.51
11 156.13 152.73 154.43 -3.40 1 0 686.79
8 155.00 153.87 154.44 -1.13 1 0 598.88
3 152.73 156.13 154.43 3.40 1 0 957.86
2 152.73 153.87 153.30 1.14 1 0 482.65
9 155.00 156.13 155.57 1.13 0 1 443.74
9 155.00 156.13 155.57 1.13 1 0 351.21
2 152.73 153.87 153.30 1.14 0 1 1079.69
15 157.27 156.13 156.70 -1.14 1 0 644.50
14 157.27 153.87 155.57 -3.40 1 0 665.23
8 155.00 153.87 154.44 -1.13 1 0 767.47
13 156.13 157.27 156.70 1.14 1 0 579.69
3 152.73 156.13 154.43 3.40 1 0 645.05
10 155.00 158.40 156.70 3.40 1 0 577.41
5 153.87 155.00 154.44 1.13 1 0 939.07
4 153.87 152.73 153.30 -1.14 1 0 937.89
6 153.87 157.27 155.57 3.40 1 0 771.05
16 158.40 155.00 156.70 -3.40 1 0 655.76
12 156.13 155.00 155.57 -1.13 1 0 592.53
7 155.00 151.60 153.30 -3.40 1 0 1033.14
11 156.13 152.73 154.43 -3.40 1 0 517.74
1 151.60 155.00 153.30 3.40 0 1 808.75
11 156.13 152.73 154.43 -3.40 1 0 886.99
9 155.00 156.13 155.57 1.13 0 1 1302.49
2 152.73 153.87 153.30 1.14 0 1 913.41
14 157.27 153.87 155.57 -3.40 1 0 677.84
6 153.87 157.27 155.57 3.40 0 1 774.90
4 153.87 152.73 153.30 -1.14 1 0 589.47
3 152.73 156.13 154.43 3.40 1 0 631.13
5 153.87 155.00 154.44 1.13 0 1 780.12
8 155.00 153.87 154.44 -1.13 0 1 1004.18
12 156.13 155.00 155.57 -1.13 1 0 774.59
10 155.00 158.40 156.70 3.40 1 0 627.95
13 156.13 157.27 156.70 1.14 0 1 849.53
16 158.40 155.00 156.70 -3.40 1 0 472.66
7 155.00 151.60 153.30 -3.40 0 1 880.80
15 157.27 156.13 156.70 -1.14 1 0 684.31
1 151.60 155.00 153.30 3.40 0 1 826.50
13 156.13 157.27 156.70 1.14 1 0 742.96
10 155.00 158.40 156.70 3.40 1 0 1023.72
9 155.00 156.13 155.57 1.13 0 1 790.07
11 156.13 152.73 154.43 -3.40 0 1 515.35
12 156.13 155.00 155.57 -1.13 0 1 661.52
2 152.73 153.87 153.30 1.14 0 1 1055.79
14 157.27 153.87 155.57 -3.40 1 0 844.50
1 151.60 155.00 153.30 3.40 0 1 607.91
5 153.87 155.00 154.44 1.13 0 1 574.31
4 153.87 152.73 153.30 -1.14 0 1 663.79
15 157.27 156.13 156.70 -1.14 0 1 577.49
8 155.00 153.87 154.44 -1.13 1 0 618.80
6 153.87 157.27 155.57 3.40 0 1 788.54
3 152.73 156.13 154.43 3.40 0 1 616.01
16 158.40 155.00 156.70 -3.40 1 0 661.62
7 155.00 151.60 153.30 -3.40 0 1 774.78
5 153.87 155.00 154.44 1.13 0 1 680.82
12 156.13 155.00 155.57 -1.13 1 0 715.10
14 157.27 153.87 155.57 -3.40 1 0 613.68
7 155.00 151.60 153.30 -3.40 0 1 659.16
15 157.27 156.13 156.70 -1.14 1 0 646.25
9 155.00 156.13 155.57 1.13 1 0 684.09
2 152.73 153.87 153.30 1.14 0 1 796.87
10 155.00 158.40 156.70 3.40 1 0 568.91
4 153.87 152.73 153.30 -1.14 0 1 1847.00
11 156.13 152.73 154.43 -3.40 1 0 982.79
13 156.13 157.27 156.70 1.14 1 0 606.45
3 152.73 156.13 154.43 3.40 1 0 574.01
8 155.00 153.87 154.44 -1.13 1 0 937.98
16 158.40 155.00 156.70 -3.40 1 0 639.29
6 153.87 157.27 155.57 3.40 1 0 908.52
1 151.60 155.00 153.30 3.40 1 0 858.98
5 153.87 155.00 154.44 1.13 0 1 702.75
9 155.00 156.13 155.57 1.13 1 0 682.78
14 157.27 153.87 155.57 -3.40 1 0 1525.43
2 152.73 153.87 153.30 1.14 0 1 2397.83
15 157.27 156.13 156.70 -1.14 1 0 769.51
3 152.73 156.13 154.43 3.40 1 0 815.14
13 156.13 157.27 156.70 1.14 1 0 698.05
7 155.00 151.60 153.30 -3.40 0 1 710.48
4 153.87 152.73 153.30 -1.14 1 0 1640.75
10 155.00 158.40 156.70 3.40 1 0 782.64
16 158.40 155.00 156.70 -3.40 1 0 499.60
8 155.00 153.87 154.44 -1.13 1 0 567.77
11 156.13 152.73 154.43 -3.40 0 1 683.97
6 153.87 157.27 155.57 3.40 1 0 531.80
12 156.13 155.00 155.57 -1.13 0 1 829.64
1 151.60 155.00 153.30 3.40 1 0 547.86
